0.566452
0.566476
0.566546
0.566662
0.566826
0.567036
0.567293
0.567597
0.567948
0.568346
0.568791
0.569284
0.569824
0.570412
0.571048
0.571733
0.572465
0.573247
0.574077
0.574956
0.575885
0.576864
0.577892
0.578971
0.580101
0.581283
0.582515
0.5838
0.585138
0.586528
0.587972
0.58947
0.591022
0.592629
0.594292
0.596012
0.597788
0.599621
0.601513
0.603464
0.605474
0.607545
0.609677
0.611871
0.614127
0.616448
0.618833
0.621284
0.623801
0.626385
0.629039
0.631762
0.634556
0.637422
0.640361
0.643374
0.646463
0.64963
0.652875
0.6562
0.659606
0.663095
0.666669
0.670329
0.674077
0.677915
0.681845
0.685868
0.689987
0.694203
0.698519
0.702937
0.707459
0.712088
0.716826
0.721676
0.72664
0.731722
0.736924
0.742248
0.747699
0.753279
0.758993
0.764842
0.770832
0.776965
0.783246
0.789679
0.796269
0.803019
0.809934
0.81702
0.824281
0.831722
0.83935
0.84717
0.855187
0.86341
0.871843
0.880494
0.88937
0.898479
0.907829
0.917429
0.927286
0.93741
0.947811
0.958499
0.969485
0.980779
0.992395
1.00434
1.01664
1.02929
1.04233
1.05575
1.06957
1.08383
1.09852
1.11368
1.12932
1.14546
1.16214
1.17936
1.19717
1.21558
1.23462
1.25434
1.27476
1.29592
1.31786
1.34062
1.36425
1.38879
1.41429
1.44082
1.46844
1.4972
1.52719
1.55847
1.59113
1.62527
1.66097
1.69836
1.73755
1.77867
1.82186
1.86728
1.9151
1.96553
2.01876
2.07504
2.13463
2.19784
2.26498
2.33644
2.41265
2.49407
2.58127
2.67485
2.77555
2.88419
3.00173
3.12929
3.26819
3.41997
3.58647
3.76989
3.97287
4.19861
4.45103
4.73492
5.05627
5.42249
5.84288
6.32902
6.89512
7.55777
8.33351
9.22911
10.2057
11.0402
10.6934
3.37926
70.9119
1373.48
2112.19
557.908
13.73
8.70892
11.1445
10.6691
9.70989
8.75897
7.91881
7.19818
6.58331
6.05697
5.60356
5.2101
4.86615
4.56333
4.29497
4.05568
3.8411
3.64767
3.47248
3.31311
3.16754
3.03408
2.9113
2.79798
2.69308
2.59571
2.50508
2.42054
2.34149
2.26742
2.19787
2.13245
2.07081
2.01262
1.95761
1.90553
1.85614
1.80926
1.76468
1.72225
1.68182
1.64325
1.60642
1.5712
1.5375
1.50523
1.47429
1.4446
1.41609
1.38869
1.36234
1.33698
1.31256
1.28901
1.26631
1.2444
1.22324
1.2028
1.18304
1.16392
1.14542
1.1275
1.11015
1.09333
1.07701
1.06119
1.04583
1.03091
1.01642
1.00234
0.988652
0.975338
0.962384
0.949777
0.937502
0.925546
0.913898
0.902545
0.891477
0.880683
0.870152
0.859877
0.849847
0.840053
0.830489
0.821144
0.812014
0.803089
0.794363
0.78583
0.777483
0.769317
0.761325
0.753502
0.745843
0.738343
0.730997
0.723799
0.716747
0.709835
0.703059
0.696415
0.6899
0.68351
0.677241
0.67109
0.665054
0.659129
0.653313
0.647601
0.641993
0.636484
0.631073
0.625757
0.620532
0.615398
0.610351
0.60539
0.600511
0.595714
0.590997
0.586356
0.581791
0.577299
0.572879
0.568529
0.564248
0.560033
0.555884
0.551799
0.547776
0.543813
0.539911
0.536066
0.532279
0.528547
0.524869
0.521245
0.517673
0.514152
0.510681
0.507259
0.503885
0.500557
0.497276
0.494039
0.490847
0.487697
0.48459
0.481524
0.478499
0.475514
0.472567
0.469659
0.466789
0.463955
0.461157
0.458395
0.455668
0.452974
0.450314
0.447687
0.445092
0.442529
0.439997
0.437495
0.435023
0.432581
0.430168
0.427783
0.425425
0.423096
0.420793
0.418516
0.416266
0.414041
0.411841
0.409666
0.407516
0.405389
0.403285
0.401205
0.399148
0.397112
0.395099
0.393107
0.391137
0.389188
0.387259
0.38535
0.383462
0.381593
0.379743
0.377912
0.376101
0.374307
0.372532
0.370775
0.369035
0.367313
0.365607
0.363919
0.362247
0.360592
0.358952
0.357329
0.355721
0.354128
0.352551
0.350989
0.349441
0.347908
0.34639
0.344885
0.343395
0.341918
0.340455
0.339005
0.337568
0.336145
0.334734
0.333336
0.33195
0.330577
0.329215
0.327866
0.326529
0.325203
0.323889
0.322586
0.321294
0.320014
0.318744
0.317485
0.316237
0.315
0.313772
0.312555
0.311348
0.310152
0.308965
0.307787
0.30662
0.305461
0.304313
0.303173
0.302043
0.300922
0.299809
0.298706
0.297611
0.296525
0.295447
0.294378
0.293317
0.292264
0.29122
0.290183
0.289155
0.288134
0.287121
0.286116
0.285118
0.284128
0.283145
0.282169
0.281201
0.28024
0.279286
0.278339
0.277398
0.276465
0.275539
0.274619
0.273705
0.272799
0.271899
0.271005
0.270117
0.269236
0.268361
0.267492
0.266629
0.265773
0.264922
0.264077
0.263238
0.262404
0.261577
0.260754
0.259938
0.259127
0.258322
0.257521
0.256727
0.255937
0.255153
0.254374
0.2536
0.252831
0.252068
0.251309
0.250555
0.249806
0.249062
0.248323
0.247588
0.246858
0.246133
0.245413
0.244697
0.243985
0.243278
0.242576
0.241877
0.241184
0.240494
0.239809
0.239128
0.238451
0.237778
0.237109
0.236445
0.235784
0.235128
0.234475
0.233827
0.233182
0.232541
0.231904
0.231271
0.230641
0.230015
0.229393
0.228775
0.22816
0.227549
0.226941
0.226337
0.225736
0.225139
0.224545
0.223954
0.223367
0.222783
0.222203
0.221626
0.221052
0.220481
0.219914
0.219349
0.218788
0.21823
0.217675
0.217123
0.216574
0.216028
0.215485
0.214946
0.214409
0.213874
0.213343
0.212815
0.212289
0.211767
0.211247
0.21073
0.210215
0.209704
0.209195
0.208689
0.208185
0.207684
0.207186
0.20669
0.206197
0.205706
0.205218
0.204733
0.20425
0.203769
0.203291
0.202815
0.202342
0.201871
0.201403
0.200936
0.200473
0.200011
0.199552
0.199095
0.198641
0.198188
0.197738
0.19729
0.196845
0.196401
0.19596
0.195521
0.195084
0.194649
0.194216
0.193785
0.193357
0.19293
0.192506
0.192083
0.191663
0.191244
0.190828
0.190413
0.190001
0.18959
0.189182
0.188775
0.18837
0.187967
0.187566
0.187167
0.186769
0.186374
0.18598
0.185588
0.185198
0.18481
0.184423
0.184039
0.183656
0.183274
0.182895
0.182517
0.182141
0.181766
0.181393
0.181022
0.180653
0.180285
0.179919
0.179554
0.179191
0.17883
0.17847
0.178112
0.177755
0.1774
0.177046
0.176694
0.176344
0.175995
0.175647
0.175301
0.174957
0.174614
0.174272
0.173932
0.173593
0.173256
0.17292
0.172586
0.172253
0.171921
0.171591
0.171262
0.170935
0.170609
0.170284
0.169961
0.169639
0.169318
0.168999
0.168681
0.168364
0.168048
0.167734
0.167421
0.16711
0.166799
0.16649
0.166182
0.165876
0.16557
0.165266
0.164963
0.164662
0.164361
0.164062
0.163764
0.163467
0.163171
0.162876
0.162583
0.16229
0.161999
0.161709
0.16142
0.161133
0.160846
0.16056
0.160276
0.159993
0.15971
0.159429
0.159149
0.15887
0.158592
0.158315
0.15804
0.157765
0.157491
0.157218
0.156947
0.156676
0.156407
0.156138
0.15587
0.155604
0.155338
0.155074
0.15481
0.154547
0.154286
0.154025
0.153765
0.153506
0.153249
0.152992
0.152736
0.152481
0.152227
0.151973
0.151721
0.15147
0.151219
0.15097
0.150721
0.150474
0.150227
0.149981
0.149736
0.149491
0.149248
0.149006
0.148764
0.148523
0.148283
0.148044
0.147806
0.147569
0.147332
0.147097
0.146862
0.146628
0.146394
0.146162
0.14593
0.145699
0.145469
0.14524
0.145012
0.144784
0.144557
0.144331
0.144106
0.143881
0.143657
0.143434
0.143212
0.142991
0.14277
0.14255
0.142331
0.142112
0.141894
0.141677
0.141461
0.141245
0.14103
0.140816
0.140602
0.14039
0.140178
0.139966
0.139756
0.139546
0.139336
0.139128
0.13892
0.138712
0.138506
0.1383
0.138095
0.13789
0.137686
0.137483
0.137281
0.137079
0.136877
0.136677
0.136477
0.136277
0.136079
0.135881
0.135683
0.135486
0.13529
0.135095
0.1349
0.134705
0.134512
0.134319
0.134126
0.133934
0.133743
0.133552
0.133362
0.133173
0.132984
0.132795
0.132608
0.13242
0.132234
0.132048
0.131862
0.131678
0.131493
0.13131
0.131126
0.130944
0.130762
0.13058
0.130399
0.130219
0.130039
0.12986
0.129681
0.129503
0.129325
0.129148
0.128972
0.128795
0.12862
0.128445
0.12827
0.128096
0.127923
0.12775
0.127578
0.127406
0.127234
0.127063
0.126893
0.126723
0.126554
0.126385
0.126216
0.126048
0.125881
0.125714
0.125548
0.125382
0.125216
0.125051
0.124887
0.124723
0.124559
0.124396
0.124233
0.124071
0.123909
0.123748
0.123587
0.123427
0.123267
0.123108
0.122949
0.12279
0.122632
0.122475
0.122318
0.122161
0.122005
0.121849
0.121693
0.121538
0.121384
0.12123
0.121076
0.120923
0.12077
0.120618
0.120466
0.120314
0.120163
0.120012
0.119862
0.119712
0.119563
0.119414
0.119265
0.119117
0.118969
0.118822
0.118675
0.118528
0.118382
0.118236
0.118091
0.117946
0.117801
0.117657
0.117513
0.11737
0.117226
0.117084
0.116942
0.1168
0.116658
0.116517
0.116376
0.116236
0.116096
0.115956
0.115817
0.115678
0.115539
0.115401
0.115263
0.115126
0.114989
0.114852
0.114716
0.114579
0.114444
0.114309
0.114174
0.114039
0.113905
0.113771
0.113637
0.113504
0.113371
0.113239
0.113106
0.112975
0.112843
0.112712
0.112581
0.112451
0.112321
0.112191
0.112061
0.111932
0.111803
0.111675
0.111547
0.111419
0.111291
0.111164
0.111037
0.110911
0.110784
0.110658
0.110533
0.110408
0.110283
0.110158
0.110034
0.10991
0.109786
0.109662
0.109539
0.109417
0.109294
0.109172
0.10905
0.108928
0.108807
0.108686
0.108565
0.108445
0.108325
0.108205
0.108086
0.107966
0.107848
0.107729
0.107611
0.107493
0.107375
0.107257
0.10714
0.107023
0.106907
0.10679
0.106674
0.106558
0.106443
0.106328
0.106213
0.106098
0.105984
0.10587
0.105756
0.105642
0.105529
0.105416
0.105303
0.105191
0.105078
0.104966
0.104855
0.104743
0.104632
0.104521
0.104411
0.1043
0.10419
0.10408
0.103971
0.103861
0.103752
0.103643
0.103535
0.103427
0.103319
0.103211
0.103103
0.102996
0.102889
0.102782
0.102675
0.102569
0.102463
0.102357
0.102252
0.102146
0.102041
0.101936
0.101832
0.101727
0.101623
0.101519
0.101416
0.101312
0.101209
0.101106
0.101003
0.100901
0.100798
0.100696
0.100595
0.100493
0.100392
0.100291
0.10019
0.100089
0.0999887
0.0998885
0.0997885
0.0996887
0.0995892
0.0994899
0.0993908
0.0992919
0.0991933
0.0990949
0.0989967
0.0988987
0.0988009
0.0987034
0.098606
0.0985089
0.098412
0.0983153
0.0982188
0.0981225
0.0980265
0.0979306
0.097835
0.0977396
0.0976444
0.0975494
0.0974546
0.09736
0.0972656
0.0971714
0.0970774
0.0969837
0.0968901
0.0967967
0.0967036
0.0966106
0.0965178
0.0964253
0.0963329
0.0962407
0.0961488
0.096057
0.0959654
0.0958741
0.0957829
0.0956919
0.0956011
0.0955105
0.0954201
0.0953299
0.0952399
0.0951501
0.0950605
0.094971
0.0948818
0.0947927
0.0947038
0.0946151
0.0945266
0.0944383
0.0943502
0.0942623
0.0941745
0.0940869
0.0939995
0.0939123
0.0938253
0.0937385
0.0936518
0.0935653
0.093479
0.0933929
0.093307
0.0932212
0.0931356
0.0930502
0.092965
0.09288
0.0927951
0.0927104
0.0926259
0.0925415
0.0924573
0.0923733
0.0922895
0.0922058
0.0921224
0.092039
0.0919559
0.0918729
0.0917901
0.0917075
0.091625
0.0915427
0.0914606
0.0913786
0.0912968
0.0912152
0.0911337
0.0910524
0.0909713
0.0908903
0.0908095
0.0907289
0.0906484
0.0905681
0.0904879
0.0904079
0.0903281
0.0902484
0.0901689
0.0900895
0.0900103
0.0899313
0.0898524
0.0897737
0.0896951
0.0896167
0.0895385
0.0894604
0.0893824
0.0893046
0.089227
0.0891495
0.0890722
0.088995
0.088918
0.0888411
0.0887644
0.0886878
0.0886114
0.0885351
0.088459
0.088383
0.0883072
0.0882315
0.088156
0.0880806
0.0880054
0.0879303
0.0878554
0.0877806
0.0877059
0.0876314
0.0875571
0.0874829
0.0874088
0.0873349
0.0872611
0.0871874
0.0871139
0.0870406
0.0869674
0.0868943
0.0868214
0.0867486
0.0866759
0.0866034
0.086531
0.0864588
0.0863867
0.0863147
0.0862429
0.0861712
0.0860997
0.0860283
0.085957
0.0858858
0.0858148
0.085744
0.0856732
0.0856026
0.0855322
0.0854618
0.0853916
0.0853215
0.0852516
0.0851818
0.0851121
0.0850426
0.0849732
0.0849039
0.0848347
0.0847657
0.0846968
0.084628
0.0845594
0.0844909
0.0844225
0.0843542
0.0842861
0.0842181
0.0841502
0.0840825
0.0840149
0.0839474
0.08388
0.0838127
0.0837456
0.0836786
0.0836117
0.083545
0.0834784
0.0834119
0.0833455
0.0832792
0.0832131
0.083147
0.0830811
0.0830154
0.0829497
0.0828842
0.0828188
0.0827535
0.0826883
0.0826232
0.0825583
0.0824935
0.0824287
0.0823642
0.0822997
0.0822353
0.0821711
0.082107
0.082043
0.0819791
0.0819153
0.0818516
0.0817881
0.0817247
0.0816614
0.0815982
0.0815351
0.0814721
0.0814092
0.0813465
0.0812838
0.0812213
0.0811589
0.0810966
0.0810344
0.0809723
0.0809104
0.0808485
0.0807867
0.0807251
0.0806636
0.0806022
0.0805408
0.0804796
0.0804185
0.0803576
0.0802967
0.0802359
0.0801752
0.0801147
0.0800542
0.0799939
0.0799336
0.0798735
0.0798135
0.0797536
0.0796938
0.079634
0.0795744
0.0795149
0.0794555
0.0793962
0.079337
0.079278
0.079219
0.0791601
0.0791013
0.0790426
0.078984
0.0789256
0.0788672
0.0788089
0.0787508
0.0786927
0.0786347
0.0785768
0.0785191
0.0784614
0.0784038
0.0783464
0.078289
0.0782317
0.0781745
0.0781174
0.0780605
0.0780036
0.0779468
0.0778901
0.0778335
0.077777
0.0777206
0.0776643
0.0776081
0.077552
0.077496
0.0774401
0.0773842
0.0773285
0.0772729
0.0772173
0.0771619
0.0771065
0.0770513
0.0769961
0.076941
0.076886
0.0768312
0.0767764
0.0767217
0.076667
0.0766125
0.0765581
0.0765038
0.0764495
0.0763954
0.0763413
0.0762873
0.0762334
0.0761797
0.0761259
0.0760723
0.0760188
0.0759654
0.075912
0.0758588
0.0758056
0.0757525
0.0756995
0.0756466
0.0755938
0.0755411
0.0754884
0.0754359
0.0753834
0.075331
0.0752787
0.0752265
0.0751744
0.0751224
0.0750704
0.0750185
0.0749668
0.0749151
0.0748635
0.0748119
0.0747605
0.0747091
0.0746579
0.0746067
0.0745556
0.0745045
0.0744536
0.0744027
0.074352
0.0743013
0.0742507
0.0742001
0.0741497
0.0740993
0.0740491
0.0739989
0.0739487
0.0738987
0.0738487
0.0737989
0.0737491
0.0736994
0.0736497
0.0736002
0.0735507
0.0735013
0.073452
0.0734027
0.0733536
0.0733045
0.0732555
0.0732066
0.0731577
0.073109
0.0730603
0.0730117
0.0729632
0.0729147
0.0728663
0.072818
0.0727698
0.0727217
0.0726736
0.0726256
0.0725777
0.0725298
0.0724821
0.0724344
0.0723868
0.0723392
0.0722918
0.0722444
0.0721971
0.0721498
0.0721027
0.0720556
0.0720086
0.0719616
0.0719148
0.071868
0.0718212
0.0717746
0.071728
0.0716815
0.0716351
0.0715887
0.0715425
0.0714963
0.0714501
0.071404
0.0713581
0.0713121
0.0712663
0.0712205
0.0711748
0.0711292
0.0710836
0.0710381
0.0709927
0.0709473
0.070902
0.0708568
0.0708117
0.0707666
0.0707216
0.0706767
0.0706318
0.070587
0.0705423
0.0704976
0.070453
0.0704085
0.0703641
0.0703197
0.0702754
0.0702311
0.0701869
0.0701428
0.0700988
0.0700548
0.0700109
0.0699671
0.0699233
0.0698796
0.0698359
0.0697924
0.0697488
0.0697054
0.069662
0.0696187
0.0695755
0.0695323
0.0694892
0.0694461
0.0694031
0.0693602
0.0693174
0.0692746
0.0692319
0.0691892
0.0691466
0.0691041
0.0690616
0.0690192
0.0689769
0.0689346
0.0688924
0.0688503
0.0688082
0.0687662
0.0687242
0.0686823
0.0686405
0.0685987
0.068557
0.0685154
0.0684738
0.0684323
0.0683908
0.0683494
0.0683081
0.0682668
0.0682256
0.0681845
0.0681434
0.0681023
0.0680614
0.0680205
0.0679796
0.0679388
0.0678981
0.0678575
0.0678169
0.0677763
0.0677358
0.0676954
0.0676551
0.0676148
0.0675745
0.0675343
0.0674942
0.0674541
0.0674141
0.0673742
0.0673343
0.0672945
0.0672547
0.067215
0.0671753
0.0671357
0.0670962
0.0670567
0.0670173
0.0669779
0.0669386
0.0668994
0.0668602
0.066821
0.066782
0.066743
0.066704
0.0666651
0.0666262
0.0665874
0.0665487
0.06651
0.0664714
0.0664328
0.0663943
0.0663559
0.0663174
0.0662791
0.0662408
0.0662026
0.0661644
0.0661263
0.0660882
0.0660502
0.0660122
0.0659743
0.0659365
0.0658987
0.0658609
0.0658232
0.0657856
0.065748
0.0657105
0.065673
0.0656356
0.0655983
0.0655609
0.0655237
0.0654865
0.0654493
0.0654122
0.0653752
0.0653382
0.0653013
0.0652644
0.0652275
0.0651908
0.065154
0.0651174
0.0650807
0.0650442
0.0650076
0.0649712
0.0649348
0.0648984
0.0648621
0.0648258
0.0647896
0.0647534
0.0647173
0.0646813
0.0646453
0.0646093
0.0645734
0.0645376
0.0645018
0.064466
0.0644303
0.0643946
0.064359
0.0643235
0.064288
0.0642525
0.0642171
0.0641818
0.0641465
0.0641112
0.064076
0.0640409
0.0640058
0.0639707
0.0639357
0.0639007
0.0638658
0.063831
0.0637961
0.0637614
0.0637267
0.063692
0.0636574
0.0636228
0.0635883
0.0635538
0.0635194
0.063485
0.0634507
0.0634164
0.0633821
0.063348
0.0633138
0.0632797
0.0632457
0.0632117
0.0631777
0.0631438
0.0631099
0.0630761
0.0630424
0.0630086
0.062975
0.0629413
0.0629078
0.0628742
0.0628407
0.0628073
0.0627739
0.0627405
0.0627072
0.062674
0.0626408
0.0626076
0.0625745
0.0625414
0.0625084
0.0624754
0.0624424
0.0624095
0.0623767
0.0623439
0.0623111
0.0622784
0.0622457
0.0622131
0.0621805
0.062148
0.0621155
0.062083
0.0620506
0.0620182
0.0619859
0.0619536
0.0619214
0.0618892
0.0618571
0.061825
0.0617929
0.0617609
0.0617289
0.061697
0.0616651
0.0616333
0.0616015
0.0615697
0.061538
0.0615063
0.0614747
0.0614431
0.0614116
0.0613801
0.0613486
0.0613172
0.0612858
0.0612545
0.0612232
0.061192
0.0611607
0.0611296
0.0610985
0.0610674
0.0610363
0.0610053
0.0609744
0.0609435
0.0609126
0.0608818
0.060851
0.0608202
0.0607895
0.0607588
0.0607282
0.0606976
0.0606671
0.0606366
0.0606061
0.0605757
0.0605453
0.0605149
0.0604846
0.0604544
0.0604241
0.060394
0.0603638
0.0603337
0.0603036
0.0602736
0.0602436
0.0602137
0.0601838
0.0601539
0.0601241
0.0600943
0.0600645
0.0600348
0.0600052
0.0599755
0.0599459
0.0599164
0.0598869
0.0598574
0.059828
0.0597986
0.0597692
0.0597399
0.0597106
0.0596813
0.0596521
0.059623
0.0595938
0.0595647
0.0595357
0.0595067
0.0594777
0.0594488
0.0594199
0.059391
0.0593622
0.0593334
0.0593046
0.0592759
0.0592472
0.0592186
0.05919
0.0591614
0.0591329
0.0591044
0.0590759
0.0590475
0.0590191
0.0589908
0.0589625
0.0589342
0.058906
0.0588778
0.0588496
0.0588215
0.0587934
0.0587653
0.0587373
0.0587093
0.0586814
0.0586535
0.0586256
0.0585978
0.05857
0.0585422
0.0585145
0.0584868
0.0584591
0.0584315
0.0584039
0.0583764
0.0583489
0.0583214
0.0582939
0.0582665
0.0582391
0.0582118
0.0581845
0.0581572
0.05813
0.0581028
0.0580756
0.0580485
0.0580214
0.0579943
0.0579673
0.0579403
0.0579134
0.0578864
0.0578595
0.0578327
0.0578059
0.0577791
0.0577523
0.0577256
0.0576989
0.0576723
0.0576456
0.0576191
0.0575925
0.057566
0.0575395
0.0575131
0.0574866
0.0574603
0.0574339
0.0574076
0.0573813
0.0573551
0.0573288
0.0573027
0.0572765
0.0572504
0.0572243
0.0571983
0.0571722
0.0571462
0.0571203
0.0570944
0.0570685
0.0570426
0.0570168
0.056991
0.0569653
0.0569395
0.0569138
0.0568882
0.0568625
0.0568369
0.0568114
0.0567858
0.0567603
0.0567349
0.0567094
0.056684
0.0566587
0.0566333
0.056608
0.0565827
0.0565575
0.0565323
0.0565071
0.0564819
0.0564568
0.0564317
0.0564067
0.0563816
0.0563566
0.0563317
0.0563067
0.0562818
0.056257
0.0562321
0.0562073
0.0561825
0.0561578
0.0561331
0.0561084
0.0560837
0.0560591
0.0560345
0.0560099
0.0559854
0.0559609
0.0559364
0.055912
0.0558876
0.0558632
0.0558388
0.0558145
0.0557902
0.0557659
0.0557417
0.0557175
0.0556933
0.0556692
0.0556451
0.055621
0.0555969
0.0555729
0.0555489
0.0555249
0.055501
0.0554771
0.0554532
0.0554294
0.0554055
0.0553818
0.055358
0.0553343
0.0553106
0.0552869
0.0552632
0.0552396
0.055216
0.0551925
0.0551689
0.0551454
0.055122
0.0550985
0.0550751
0.0550517
0.0550284
0.055005
0.0549817
0.0549585
0.0549352
0.054912
0.0548888
0.0548657
0.0548425
0.0548194
0.0547963
0.0547733
0.0547503
0.0547273
0.0547043
0.0546814
0.0546585
0.0546356
0.0546128
0.0545899
0.0545671
0.0545444
0.0545216
0.0544989
0.0544762
0.0544536
0.0544309
0.0544083
0.0543858
0.0543632
0.0543407
0.0543182
0.0542957
0.0542733
0.0542509
0.0542285
0.0542061
0.0541838
0.0541615
0.0541392
0.0541169
0.0540947
0.0540725
0.0540504
0.0540282
0.0540061
0.053984
0.0539619
0.0539399
0.0539179
0.0538959
0.0538739
0.053852
0.0538301
0.0538082
0.0537864
0.0537645
0.0537427
0.053721
0.0536992
0.0536775
0.0536558
0.0536341
0.0536125
0.0535908
0.0535692
0.0535477
0.0535261
0.0535046
0.0534831
0.0534617
0.0534402
0.0534188
0.0533974
0.0533761
0.0533547
0.0533334
0.0533121
0.0532908
0.0532696
0.0532484
0.0532272
0.0532061
0.0531849
0.0531638
0.0531427
0.0531217
0.0531006
0.0530796
0.0530586
0.0530377
0.0530167
0.0529958
0.0529749
0.0529541
0.0529332
0.0529124
0.0528916
0.0528709
0.0528501
0.0528294
0.0528087
0.0527881
0.0527674
0.0527468
0.0527262
0.0527056
0.0526851
0.0526646
0.0526441
0.0526236
0.0526032
0.0525827
0.0525623
0.052542
0.0525216
0.0525013
0.052481
0.0524607
0.0524404
0.0524202
0.0524
0.0523798
0.0523597
0.0523395
0.0523194
0.0522993
0.0522793
0.0522592
0.0522392
0.0522192
0.0521992
0.0521793
0.0521594
0.0521395
0.0521196
0.0520997
0.0520799
0.0520601
0.0520403
0.0520205
0.0520008
0.0519811
0.0519614
0.0519417
0.0519221
0.0519024
0.0518828
0.0518633
0.0518437
0.0518242
0.0518047
0.0517852
0.0517657
0.0517463
0.0517268
0.0517074
0.0516881
0.0516687
0.0516494
0.0516301
0.0516108
0.0515915
0.0515723
0.0515531
0.0515339
0.0515147
0.0514956
0.0514764
0.0514573
0.0514382
0.0514192
0.0514001
0.0513811
0.0513621
0.0513432
0.0513242
0.0513053
0.0512864
0.0512675
0.0512486
0.0512298
0.051211
0.0511922
0.0511734
0.0511546
0.0511359
0.0511172
0.0510985
0.0510798
0.0510612
0.0510426
0.051024
0.0510054
0.0509868
0.0509683
0.0509498
0.0509313
0.0509128
0.0508943
0.0508759
0.0508575
0.0508391
0.0508207
0.0508024
0.050784
0.0507657
0.0507475
0.0507292
0.050711
0.0506927
0.0506745
0.0506563
0.0506382
0.0506201
0.0506019
0.0505838
0.0505658
0.0505477
0.0505297
0.0505117
0.0504937
0.0504757
0.0504577
0.0504398
0.0504219
0.050404
0.0503861
0.0503683
0.0503505
0.0503327
0.0503149
0.0502971
0.0502793
0.0502616
0.0502439
0.0502262
0.0502086
0.0501909
0.0501733
0.0501557
0.0501381
0.0501205
0.050103
0.0500855
0.050068
0.0500505
0.050033
0.0500156
0.0499981
0.0499807
0.0499633
0.049946
0.0499286
0.0499113
0.049894
0.0498767
0.0498594
0.0498422
0.049825
0.0498077
0.0497906
0.0497734
0.0497562
0.0497391
0.049722
0.0497049
0.0496878
0.0496708
0.0496537
0.0496367
0.0496197
0.0496028
0.0495858
0.0495689
0.0495519
0.049535
0.0495182
0.0495013
0.0494845
0.0494676
0.0494508
0.0494341
0.0494173
0.0494005
0.0493838
0.0493671
0.0493504
0.0493337
0.0493171
0.0493005
0.0492838
0.0492673
0.0492507
0.0492341
0.0492176
0.0492011
0.0491846
0.0491681
0.0491516
0.0491352
0.0491187
0.0491023
0.0490859
0.0490696
0.0490532
0.0490369
0.0490206
0.0490043
0.048988
0.0489717
0.0489555
0.0489392
0.048923
0.0489069
0.0488907
0.0488745
0.0488584
0.0488423
0.0488262
0.0488101
0.048794
0.048778
0.048762
0.048746
0.04873
0.048714
0.0486981
0.0486821
0.0486662
0.0486503
0.0486344
0.0486186
0.0486027
0.0485869
0.0485711
0.0485553
0.0485395
0.0485238
0.048508
0.0484923
0.0484766
0.0484609
0.0484452
0.0484296
0.0484139
0.0483983
0.0483827
0.0483671
0.0483516
0.048336
0.0483205
0.048305
0.0482895
0.048274
0.0482586
0.0482431
0.0482277
0.0482123
0.0481969
0.0481815
0.0481662
0.0481508
0.0481355
0.0481202
0.0481049
0.0480896
0.0480744
0.0480592
0.0480439
0.0480287
0.0480136
0.0479984
0.0479832
0.0479681
0.047953
0.0479379
0.0479228
0.0479077
0.0478927
0.0478776
0.0478626
0.0478476
0.0478326
0.0478177
0.0478027
0.0477878
0.0477729
0.047758
0.0477431
0.0477282
0.0477134
0.0476985
0.0476837
0.0476689
0.0476541
0.0476394
0.0476246
0.0476099
0.0475952
0.0475805
0.0475658
0.0475511
0.0475365
0.0475218
0.0475072
0.0474926
0.047478
0.0474634
0.0474489
0.0474344
0.0474198
0.0474053
0.0473908
0.0473764
0.0473619
0.0473475
0.047333
0.0473186
0.0473042
0.0472898
0.0472755
0.0472611
0.0472468
0.0472325
0.0472182
0.0472039
0.0471896
0.0471754
0.0471612
0.0471469
0.0471327
0.0471185
0.0471044
0.0470902
0.0470761
0.047062
0.0470478
0.0470338
0.0470197
0.0470056
0.0469916
0.0469775
0.0469635
0.0469495
0.0469355
0.0469216
0.0469076
0.0468937
0.0468797
0.0468658
0.0468519
0.0468381
0.0468242
0.0468104
0.0467965
0.0467827
0.0467689
0.0467551
0.0467414
0.0467276
0.0467139
0.0467001
0.0466864
0.0466727
0.0466591
0.0466454
0.0466318
0.0466181
0.0466045
0.0465909
0.0465773
0.0465637
0.0465502
0.0465366
0.0465231
0.0465096
0.0464961
0.0464826
0.0464692
0.0464557
0.0464423
0.0464288
0.0464154
0.046402
0.0463887
0.0463753
0.046362
0.0463486
0.0463353
0.046322
0.0463087
0.0462954
0.0462822
0.0462689
0.0462557
0.0462425
0.0462293
0.0462161
0.0462029
0.0461898
0.0461766
0.0461635
0.0461504
0.0461373
0.0461242
0.0461111
0.046098
0.046085
0.046072
0.046059
0.046046
0.046033
0.04602
0.046007
0.0459941
0.0459812
0.0459683
0.0459554
0.0459425
0.0459296
0.0459168
0.0459039
0.0458911
0.0458783
0.0458655
0.0458527
0.0458399
0.0458272
0.0458144
0.0458017
0.045789
0.0457763
0.0457636
0.0457509
0.0457382
0.0457256
0.045713
0.0457003
0.0456877
0.0456752
0.0456626
0.04565
0.0456375
0.0456249
0.0456124
0.0455999
0.0455874
0.0455749
0.0455625
0.04555
0.0455376
0.0455252
0.0455127
0.0455003
0.045488
0.0454756
0.0454632
0.0454509
0.0454386
0.0454263
0.045414
0.0454017
0.0453894
0.0453771
0.0453649
0.0453526
0.0453404
0.0453282
0.045316
0.0453038
0.0452917
0.0452795
0.0452674
0.0452553
0.0452431
0.0452311
0.045219
0.0452069
0.0451948
0.0451828
0.0451708
0.0451587
0.0451467
0.0451347
0.0451228
0.0451108
0.0450988
0.0450869
0.045075
0.0450631
0.0450512
0.0450393
0.0450274
0.0450155
0.0450037
0.0449918
0.04498
0.0449682
0.0449564
0.0449446
0.0449329
0.0449211
0.0449094
0.0448976
0.0448859
0.0448742
0.0448625
0.0448508
0.0448392
0.0448275
0.0448159
0.0448042
0.0447926
0.044781
0.0447694
0.0447579
0.0447463
0.0447348
0.0447232
0.0447117
0.0447002
0.0446887
0.0446772
0.0446657
0.0446542
0.0446428
0.0446314
0.0446199
0.0446085
0.0445971
0.0445857
0.0445744
0.044563
0.0445517
0.0445403
0.044529
0.0445177
0.0445064
0.0444951
0.0444838
0.0444726
0.0444613
0.0444501
0.0444389
0.0444276
0.0444164
0.0444053
0.0443941
0.0443829
0.0443718
0.0443606
0.0443495
0.0443384
0.0443273
0.0443162
0.0443051
0.0442941
0.044283
0.044272
0.044261
0.0442499
0.0442389
0.044228
0.044217
0.044206
0.0441951
0.0441841
0.0441732
0.0441623
0.0441514
0.0441405
0.0441296
0.0441187
0.0441079
0.044097
0.0440862
0.0440754
0.0440645
0.0440538
0.044043
0.0440322
0.0440214
0.0440107
0.0439999
0.0439892
0.0439785
0.0439678
0.0439571
0.0439464
0.0439358
0.0439251
0.0439145
0.0439038
0.0438932
0.0438826
0.043872
0.0438614
0.0438509
0.0438403
0.0438298
0.0438192
0.0438087
0.0437982
0.0437877
0.0437772
0.0437667
0.0437562
0.0437458
0.0437353
0.0437249
0.0437145
0.0437041
0.0436937
0.0436833
0.0436729
0.0436626
0.0436522
0.0436419
0.0436316
0.0436212
0.0436109
0.0436006
0.0435904
0.0435801
0.0435698
0.0435596
0.0435493
0.0435391
0.0435289
0.0435187
0.0435085
0.0434983
0.0434882
0.043478
0.0434679
0.0434577
0.0434476
0.0434375
0.0434274
0.0434173
0.0434072
0.0433972
0.0433871
0.0433771
0.043367
0.043357
0.043347
0.043337
0.043327
0.043317
0.0433071
0.0432971
0.0432872
0.0432772
0.0432673
0.0432574
0.0432475
0.0432376
0.0432277
0.0432179
0.043208
0.0431982
0.0431883
0.0431785
0.0431687
0.0431589
0.0431491
0.0431394
0.0431296
0.0431198
0.0431101
0.0431004
0.0430906
0.0430809
0.0430712
0.0430615
0.0430518
0.0430422
0.0430325
0.0430229
0.0430132
0.0430036
0.042994
0.0429844
0.0429748
0.0429652
0.0429556
0.0429461
0.0429365
0.042927
0.0429175
0.0429079
0.0428984
0.0428889
0.0428795
0.04287
0.0428605
0.0428511
0.0428416
0.0428322
0.0428228
0.0428134
0.042804
0.0427946
0.0427852
0.0427758
0.0427665
0.0427571
0.0427478
0.0427385
0.0427291
0.0427198
0.0427105
0.0427012
0.042692
0.0426827
0.0426735
0.0426642
0.042655
0.0426458
0.0426366
0.0426273
0.0426182
0.042609
0.0425998
0.0425907
0.0425815
0.0425724
0.0425632
0.0425541
0.042545
0.0425359
0.0425268
0.0425177
0.0425087
0.0424996
0.0424906
0.0424815
0.0424725
0.0424635
0.0424545
0.0424455
0.0424365
0.0424275
0.0424186
0.0424096
0.0424007
0.0423918
0.0423828
0.0423739
0.042365
0.0423561
0.0423472
0.0423384
0.0423295
0.0423206
0.0423118
0.042303
0.0422942
0.0422853
0.0422765
0.0422677
0.042259
0.0422502
0.0422414
0.0422327
0.0422239
0.0422152
0.0422065
0.0421978
0.0421891
0.0421804
0.0421717
0.042163
0.0421544
0.0421457
0.0421371
0.0421284
0.0421198
0.0421112
0.0421026
0.042094
0.0420854
0.0420768
0.0420683
0.0420597
0.0420512
0.0420427
0.0420341
0.0420256
0.0420171
0.0420086
0.0420001
0.0419917
0.0419832
0.0419747
0.0419663
0.0419579
0.0419494
0.041941
0.0419326
0.0419242
0.0419158
0.0419074
0.0418991
0.0418907
0.0418824
0.041874
0.0418657
0.0418574
0.0418491
0.0418408
0.0418325
0.0418242
0.0418159
0.0418077
0.0417994
0.0417912
0.0417829
0.0417747
0.0417665
0.0417583
0.0417501
0.0417419
0.0417337
0.0417255
0.0417174
0.0417092
0.0417011
0.041693
0.0416849
0.0416767
0.0416686
0.0416606
0.0416525
0.0416444
0.0416363
0.0416283
0.0416202
0.0416122
0.0416042
0.0415962
0.0415881
0.0415802
0.0415722
0.0415642
0.0415562
0.0415483
0.0415403
0.0415324
0.0415244
0.0415165
0.0415086
0.0415007
0.0414928
0.0414849
0.041477
0.0414692
0.0414613
0.0414535
0.0414456
0.0414378
0.04143
0.0414221
0.0414143
0.0414065
0.0413988
0.041391
0.0413832
0.0413755
0.0413677
0.04136
0.0413522
0.0413445
0.0413368
0.0413291
0.0413214
0.0413137
0.0413061
0.0412984
0.0412907
0.0412831
0.0412754
0.0412678
0.0412602
0.0412526
0.041245
0.0412374
0.0412298
0.0412222
0.0412147
0.0412071
0.0411995
0.041192
0.0411845
0.041177
0.0411694
0.0411619
0.0411544
0.041147
0.0411395
0.041132
0.0411245
0.0411171
0.0411097
0.0411022
0.0410948
0.0410874
0.04108
0.0410726
0.0410652
0.0410578
0.0410504
0.0410431
0.0410357
0.0410284
0.041021
0.0410137
0.0410064
0.0409991
0.0409918
0.0409845
0.0409772
0.0409699
0.0409627
0.0409554
0.0409482
0.0409409
0.0409337
0.0409265
0.0409193
0.040912
0.0409049
0.0408977
0.0408905
0.0408833
0.0408762
0.040869
0.0408619
0.0408547
0.0408476
0.0408405
0.0408334
0.0408263
0.0408192
0.0408121
0.040805
0.0407979
0.0407909
0.0407838
0.0407768
0.0407698
0.0407627
0.0407557
0.0407487
0.0407417
0.0407347
0.0407278
0.0407208
0.0407138
0.0407069
0.0406999
0.040693
0.040686
0.0406791
0.0406722
0.0406653
0.0406584
0.0406515
0.0406446
0.0406378
0.0406309
0.0406241
0.0406172
0.0406104
0.0406035
0.0405967
0.0405899
0.0405831
0.0405763
0.0405695
0.0405628
0.040556
0.0405492
0.0405425
0.0405357
0.040529
0.0405223
0.0405155
0.0405088
0.0405021
0.0404954
0.0404887
0.0404821
0.0404754
0.0404687
0.0404621
0.0404554
0.0404488
0.0404422
0.0404355
0.0404289
0.0404223
0.0404157
0.0404091
0.0404026
0.040396
0.0403894
0.0403829
0.0403763
0.0403698
0.0403633
0.0403567
0.0403502
0.0403437
0.0403372
0.0403307
0.0403243
0.0403178
0.0403113
0.0403049
0.0402984
0.040292
0.0402855
0.0402791
0.0402727
0.0402663
0.0402599
0.0402535
0.0402471
0.0402407
0.0402344
0.040228
0.0402217
0.0402153
0.040209
0.0402026
0.0401963
0.04019
0.0401837
0.0401774
0.0401711
0.0401649
0.0401586
0.0401523
0.0401461
0.0401398
0.0401336
0.0401273
0.0401211
0.0401149
0.0401087
0.0401025
0.0400963
0.0400901
0.0400839
0.0400778
0.0400716
0.0400655
0.0400593
0.0400532
0.0400471
0.0400409
0.0400348
0.0400287
0.0400226
0.0400165
0.0400104
0.0400044
0.0399983
0.0399923
0.0399862
0.0399802
0.0399741
0.0399681
0.0399621
0.0399561
0.0399501
0.0399441
0.0399381
0.0399321
0.0399261
0.0399202
0.0399142
0.0399083
0.0399023
0.0398964
0.0398905
0.0398845
0.0398786
0.0398727
0.0398668
0.039861
0.0398551
0.0398492
0.0398433
0.0398375
0.0398316
0.0398258
0.03982
0.0398141
0.0398083
0.0398025
0.0397967
0.0397909
0.0397851
0.0397794
0.0397736
0.0397678
0.0397621
0.0397563
0.0397506
0.0397448
0.0397391
0.0397334
0.0397277
0.039722
0.0397163
0.0397106
0.0397049
0.0396993
0.0396936
0.0396879
0.0396823
0.0396766
0.039671
0.0396654
0.0396598
0.0396541
0.0396485
0.0396429
0.0396374
0.0396318
0.0396262
0.0396206
0.0396151
0.0396095
0.039604
0.0395984
0.0395929
0.0395874
0.0395819
0.0395764
0.0395709
0.0395654
0.0395599
0.0395544
0.039549
0.0395435
0.039538
0.0395326
0.0395272
0.0395217
0.0395163
0.0395109
0.0395055
0.0395001
0.0394947
0.0394893
0.0394839
0.0394785
0.0394732
0.0394678
0.0394625
0.0394571
0.0394518
0.0394464
0.0394411
0.0394358
0.0394305
0.0394252
0.0394199
0.0394146
0.0394094
0.0394041
0.0393988
0.0393936
0.0393883
0.0393831
0.0393778
0.0393726
0.0393674
0.0393622
0.039357
0.0393518
0.0393466
0.0393414
0.0393362
0.0393311
0.0393259
0.0393208
0.0393156
0.0393105
0.0393053
0.0393002
0.0392951
0.03929
0.0392849
0.0392798
0.0392747
0.0392696
0.0392645
0.0392595
0.0392544
0.0392494
0.0392443
0.0392393
0.0392343
0.0392292
0.0392242
0.0392192
0.0392142
0.0392092
0.0392042
0.0391992
0.0391943
0.0391893
0.0391843
0.0391794
0.0391744
0.0391695
0.0391646
0.0391597
0.0391547
0.0391498
0.0391449
0.03914
0.0391351
0.0391303
0.0391254
0.0391205
0.0391157
0.0391108
0.039106
0.0391011
0.0390963
0.0390915
0.0390866
0.0390818
0.039077
0.0390722
0.0390674
0.0390627
0.0390579
0.0390531
0.0390484
0.0390436
0.0390389
0.0390341
0.0390294
0.0390247
0.0390199
0.0390152
0.0390105
0.0390058
0.0390011
0.0389965
0.0389918
0.0389871
0.0389824
0.0389778
0.0389731
0.0389685
0.0389639
0.0389592
0.0389546
0.03895
0.0389454
0.0389408
0.0389362
0.0389316
0.038927
0.0389225
0.0389179
0.0389133
0.0389088
0.0389042
0.0388997
0.0388952
0.0388906
0.0388861
0.0388816
0.0388771
0.0388726
0.0388681
0.0388636
0.0388592
0.0388547
0.0388502
0.0388458
0.0388413
0.0388369
0.0388324
0.038828
0.0388236
0.0388192
0.0388148
0.0388104
0.038806
0.0388016
0.0387972
0.0387928
0.0387885
0.0387841
0.0387797
0.0387754
0.038771
0.0387667
0.0387624
0.0387581
0.0387538
0.0387494
0.0387451
0.0387409
0.0387366
0.0387323
0.038728
0.0387238
0.0387195
0.0387152
0.038711
0.0387068
0.0387025
0.0386983
0.0386941
0.0386899
0.0386857
0.0386815
0.0386773
0.0386731
0.0386689
0.0386647
0.0386606
0.0386564
0.0386523
0.0386481
0.038644
0.0386398
0.0386357
0.0386316
0.0386275
0.0386234
0.0386193
0.0386152
0.0386111
0.038607
0.038603
0.0385989
0.0385948
0.0385908
0.0385867
0.0385827
0.0385787
0.0385746
0.0385706
0.0385666
0.0385626
0.0385586
0.0385546
0.0385506
0.0385466
0.0385427
0.0385387
0.0385347
0.0385308
0.0385268
0.0385229
0.038519
0.038515
0.0385111
0.0385072
0.0385033
0.0384994
0.0384955
0.0384916
0.0384877
0.0384839
0.03848
0.0384761
0.0384723
0.0384684
0.0384646
0.0384608
0.0384569
0.0384531
0.0384493
0.0384455
0.0384417
0.0384379
0.0384341
0.0384303
0.0384265
0.0384228
0.038419
0.0384152
0.0384115
0.0384078
0.038404
0.0384003
0.0383966
0.0383928
0.0383891
0.0383854
0.0383817
0.038378
0.0383743
0.0383707
0.038367
0.0383633
0.0383597
0.038356
0.0383524
0.0383487
0.0383451
0.0383415
0.0383378
0.0383342
0.0383306
0.038327
0.0383234
0.0383198
0.0383163
0.0383127
0.0383091
0.0383055
0.038302
0.0382984
0.0382949
0.0382914
0.0382878
0.0382843
0.0382808
0.0382773
0.0382738
0.0382703
0.0382668
0.0382633
0.0382598
0.0382563
0.0382529
0.0382494
0.0382459
0.0382425
0.038239
0.0382356
0.0382322
0.0382288
0.0382253
0.0382219
0.0382185
0.0382151
0.0382117
0.0382083
0.038205
0.0382016
0.0381982
0.0381949
0.0381915
0.0381882
0.0381848
0.0381815
0.0381782
0.0381748
0.0381715
0.0381682
0.0381649
0.0381616
0.0381583
0.038155
0.0381518
0.0381485
0.0381452
0.038142
0.0381387
0.0381355
0.0381322
0.038129
0.0381258
0.0381225
0.0381193
0.0381161
0.0381129
0.0381097
0.0381065
0.0381033
0.0381002
0.038097
0.0380938
0.0380907
0.0380875
0.0380844
0.0380812
0.0380781
0.038075
0.0380718
0.0380687
0.0380656
0.0380625
0.0380594
0.0380563
0.0380532
0.0380501
0.0380471
0.038044
0.0380409
0.0380379
0.0380348
0.0380318
0.0380288
0.0380257
0.0380227
0.0380197
0.0380167
0.0380137
0.0380107
0.0380077
0.0380047
0.0380017
0.0379987
0.0379958
0.0379928
0.0379899
0.0379869
0.037984
0.037981
0.0379781
0.0379752
0.0379723
0.0379693
0.0379664
0.0379635
0.0379606
0.0379578
0.0379549
0.037952
0.0379491
0.0379463
0.0379434
0.0379406
0.0379377
0.0379349
0.037932
0.0379292
0.0379264
0.0379236
0.0379208
0.037918
0.0379152
0.0379124
0.0379096
0.0379068
0.037904
0.0379013
0.0378985
0.0378958
0.037893
0.0378903
0.0378875
0.0378848
0.0378821
0.0378794
0.0378766
0.0378739
0.0378712
0.0378685
0.0378659
0.0378632
0.0378605
0.0378578
0.0378552
0.0378525
0.0378499
0.0378472
0.0378446
0.0378419
0.0378393
0.0378367
0.0378341
0.0378315
0.0378289
0.0378263
0.0378237
0.0378211
0.0378185
0.0378159
0.0378134
0.0378108
0.0378083
0.0378057
0.0378032
0.0378006
0.0377981
0.0377956
0.0377931
0.0377905
0.037788
0.0377855
0.037783
0.0377806
0.0377781
0.0377756
0.0377731
0.0377707
0.0377682
0.0377657
0.0377633
0.0377609
0.0377584
0.037756
0.0377536
0.0377511
0.0377487
0.0377463
0.0377439
0.0377415
0.0377392
0.0377368
0.0377344
0.037732
0.0377297
0.0377273
0.0377249
0.0377226
0.0377203
0.0377179
0.0377156
0.0377133
0.037711
0.0377087
0.0377063
0.037704
0.0377018
0.0376995
0.0376972
0.0376949
0.0376926
0.0376904
0.0376881
0.0376859
0.0376836
0.0376814
0.0376792
0.0376769
0.0376747
0.0376725
0.0376703
0.0376681
0.0376659
0.0376637
0.0376615
0.0376593
0.0376571
0.037655
0.0376528
0.0376507
0.0376485
0.0376464
0.0376442
0.0376421
0.03764
0.0376378
0.0376357
0.0376336
0.0376315
0.0376294
0.0376273
0.0376252
0.0376231
0.0376211
0.037619
0.0376169
0.0376149
0.0376128
0.0376108
0.0376087
0.0376067
0.0376047
0.0376027
0.0376006
0.0375986
0.0375966
0.0375946
0.0375926
0.0375906
0.0375887
0.0375867
0.0375847
0.0375828
0.0375808
0.0375788
0.0375769
0.037575
0.037573
0.0375711
0.0375692
0.0375672
0.0375653
0.0375634
0.0375615
0.0375596
0.0375577
0.0375559
0.037554
0.0375521
0.0375503
0.0375484
0.0375465
0.0375447
0.0375429
0.037541
0.0375392
0.0375374
0.0375355
0.0375337
0.0375319
0.0375301
0.0375283
0.0375265
0.0375247
0.037523
0.0375212
0.0375194
0.0375177
0.0375159
0.0375142
0.0375124
0.0375107
0.037509
0.0375072
0.0375055
0.0375038
0.0375021
0.0375004
0.0374987
0.037497
0.0374953
0.0374936
0.0374919
0.0374903
0.0374886
0.037487
0.0374853
0.0374837
0.037482
0.0374804
0.0374788
0.0374771
0.0374755
0.0374739
0.0374723
0.0374707
0.0374691
0.0374675
0.0374659
0.0374644
0.0374628
0.0374612
0.0374597
0.0374581
0.0374566
0.037455
0.0374535
0.0374519
0.0374504
0.0374489
0.0374474
0.0374459
0.0374444
0.0374429
0.0374414
0.0374399
0.0374384
0.037437
0.0374355
0.037434
0.0374326
0.0374311
0.0374297
0.0374282
0.0374268
0.0374254
0.0374239
0.0374225
0.0374211
0.0374197
0.0374183
0.0374169
0.0374155
0.0374141
0.0374128
0.0374114
0.03741
0.0374087
0.0374073
0.037406
0.0374046
0.0374033
0.037402
0.0374006
0.0373993
0.037398
0.0373967
0.0373954
0.0373941
0.0373928
0.0373915
0.0373902
0.037389
0.0373877
0.0373864
0.0373852
0.0373839
0.0373827
0.0373814
0.0373802
0.037379
0.0373777
0.0373765
0.0373753
0.0373741
0.0373729
0.0373717
0.0373705
0.0373693
0.0373682
0.037367
0.0373658
0.0373647
0.0373635
0.0373623
0.0373612
0.0373601
0.0373589
0.0373578
0.0373567
0.0373556
0.0373545
0.0373534
0.0373523
0.0373512
0.0373501
0.037349
0.0373479
0.0373468
0.0373458
0.0373447
0.0373437
0.0373426
0.0373416
0.0373405
0.0373395
0.0373385
0.0373375
0.0373364
0.0373354
0.0373344
0.0373334
0.0373324
0.0373315
0.0373305
0.0373295
0.0373285
0.0373276
0.0373266
0.0373257
0.0373247
0.0373238
0.0373228
0.0373219
0.037321
0.0373201
0.0373191
0.0373182
0.0373173
0.0373164
0.0373155
0.0373147
0.0373138
0.0373129
0.037312
0.0373112
0.0373103
0.0373095
0.0373086
0.0373078
0.037307
0.0373061
0.0373053
0.0373045
0.0373037
0.0373029
0.0373021
0.0373013
0.0373005
0.0372997
0.0372989
0.0372981
0.0372974
0.0372966
0.0372959
0.0372951
0.0372944
0.0372936
0.0372929
0.0372922
0.0372914
0.0372907
0.03729
0.0372893
0.0372886
0.0372879
0.0372872
0.0372865
0.0372859
0.0372852
0.0372845
0.0372839
0.0372832
0.0372826
0.0372819
0.0372813
0.0372806
0.03728
0.0372794
0.0372788
0.0372782
0.0372776
0.037277
0.0372764
0.0372758
0.0372752
0.0372746
0.0372741
0.0372735
0.0372729
0.0372724
0.0372718
0.0372713
0.0372707
0.0372702
0.0372697
0.0372692
0.0372686
0.0372681
0.0372676
0.0372671
0.0372666
0.0372662
0.0372657
0.0372652
0.0372647
0.0372643
0.0372638
0.0372633
0.0372629
0.0372625
0.037262
0.0372616
0.0372612
0.0372607
0.0372603
0.0372599
0.0372595
0.0372591
0.0372587
0.0372583
0.037258
0.0372576
0.0372572
0.0372568
0.0372565
0.0372561
0.0372558
0.0372554
0.0372551
0.0372548
0.0372544
0.0372541
0.0372538
0.0372535
0.0372532
0.0372529
0.0372526
0.0372523
0.037252
0.0372518
0.0372515
0.0372512
0.037251
0.0372507
0.0372505
0.0372502
0.03725
0.0372498
0.0372495
0.0372493
0.0372491
0.0372489
0.0372487
0.0372485
0.0372483
0.0372481
0.0372479
0.0372478
0.0372476
0.0372474
0.0372473
0.0372471
0.037247
0.0372468
0.0372467
0.0372465
0.0372464
0.0372463
0.0372462
0.0372461
0.037246
0.0372459
0.0372458
0.0372457
0.0372456
0.0372455
0.0372455
0.0372454
0.0372454
0.0372453
0.0372453
0.0372452
0.0372452
0.0372451
0.0372451
0.0372451
0.0372451
0.0372451
