0
5.3833
10.7666
16.1499
21.5332
26.9165
32.2998
37.6831
43.0664
48.4497
53.833
59.2163
64.5996
69.9829
75.3662
80.7495
86.1328
91.5161
96.8994
102.283
107.666
113.049
118.433
123.816
129.199
134.583
139.966
145.349
150.732
156.116
161.499
166.882
172.266
177.649
183.032
188.416
193.799
199.182
204.565
209.949
215.332
220.715
226.099
231.482
236.865
242.249
247.632
253.015
258.398
263.782
269.165
274.548
279.932
285.315
290.698
296.082
301.465
306.848
312.231
317.615
322.998
328.381
333.765
339.148
344.531
349.915
355.298
360.681
366.064
371.448
376.831
382.214
387.598
392.981
398.364
403.748
409.131
414.514
419.897
425.281
430.664
436.047
441.431
446.814
452.197
457.581
462.964
468.347
473.73
479.114
484.497
489.88
495.264
500.647
506.03
511.414
516.797
522.18
527.563
532.947
538.33
543.713
549.097
554.48
559.863
565.247
570.63
576.013
581.396
586.78
592.163
597.546
602.93
608.313
613.696
619.08
624.463
629.846
635.229
640.613
645.996
651.379
656.763
662.146
667.529
672.913
678.296
683.679
689.062
694.446
699.829
705.212
710.596
715.979
721.362
726.746
732.129
737.512
742.896
748.279
753.662
759.045
764.429
769.812
775.195
780.579
785.962
791.345
796.729
802.112
807.495
812.878
818.262
823.645
829.028
834.412
839.795
845.178
850.562
855.945
861.328
866.711
872.095
877.478
882.861
888.245
893.628
899.011
904.395
909.778
915.161
920.544
925.928
931.311
936.694
942.078
947.461
952.844
958.228
963.611
968.994
974.377
979.761
985.144
990.527
995.911
1001.29
1006.68
1012.06
1017.44
1022.83
1028.21
1033.59
1038.98
1044.36
1049.74
1055.13
1060.51
1065.89
1071.28
1076.66
1082.04
1087.43
1092.81
1098.19
1103.58
1108.96
1114.34
1119.73
1125.11
1130.49
1135.88
1141.26
1146.64
1152.03
1157.41
1162.79
1168.18
1173.56
1178.94
1184.33
1189.71
1195.09
1200.48
1205.86
1211.24
1216.63
1222.01
1227.39
1232.78
1238.16
1243.54
1248.93
1254.31
1259.69
1265.08
1270.46
1275.84
1281.23
1286.61
1291.99
1297.38
1302.76
1308.14
1313.53
1318.91
1324.29
1329.68
1335.06
1340.44
1345.83
1351.21
1356.59
1361.98
1367.36
1372.74
1378.12
1383.51
1388.89
1394.27
1399.66
1405.04
1410.42
1415.81
1421.19
1426.57
1431.96
1437.34
1442.72
1448.11
1453.49
1458.87
1464.26
1469.64
1475.02
1480.41
1485.79
1491.17
1496.56
1501.94
1507.32
1512.71
1518.09
1523.47
1528.86
1534.24
1539.62
1545.01
1550.39
1555.77
1561.16
1566.54
1571.92
1577.31
1582.69
1588.07
1593.46
1598.84
1604.22
1609.61
1614.99
1620.37
1625.76
1631.14
1636.52
1641.91
1647.29
1652.67
1658.06
1663.44
1668.82
1674.21
1679.59
1684.97
1690.36
1695.74
1701.12
1706.51
1711.89
1717.27
1722.66
1728.04
1733.42
1738.81
1744.19
1749.57
1754.96
1760.34
1765.72
1771.11
1776.49
1781.87
1787.26
1792.64
1798.02
1803.41
1808.79
1814.17
1819.56
1824.94
1830.32
1835.71
1841.09
1846.47
1851.86
1857.24
1862.62
1868.01
1873.39
1878.77
1884.16
1889.54
1894.92
1900.31
1905.69
1911.07
1916.46
1921.84
1927.22
1932.6
1937.99
1943.37
1948.75
1954.14
1959.52
1964.9
1970.29
1975.67
1981.05
1986.44
1991.82
1997.2
2002.59
2007.97
2013.35
2018.74
2024.12
2029.5
2034.89
2040.27
2045.65
2051.04
2056.42
2061.8
2067.19
2072.57
2077.95
2083.34
2088.72
2094.1
2099.49
2104.87
2110.25
2115.64
2121.02
2126.4
2131.79
2137.17
2142.55
2147.94
2153.32
2158.7
2164.09
2169.47
2174.85
2180.24
2185.62
2191
2196.39
2201.77
2207.15
2212.54
2217.92
2223.3
2228.69
2234.07
2239.45
2244.84
2250.22
2255.6
2260.99
2266.37
2271.75
2277.14
2282.52
2287.9
2293.29
2298.67
2304.05
2309.44
2314.82
2320.2
2325.59
2330.97
2336.35
2341.74
2347.12
2352.5
2357.89
2363.27
2368.65
2374.04
2379.42
2384.8
2390.19
2395.57
2400.95
2406.34
2411.72
2417.1
2422.49
2427.87
2433.25
2438.64
2444.02
2449.4
2454.79
2460.17
2465.55
2470.94
2476.32
2481.7
2487.08
2492.47
2497.85
2503.23
2508.62
2514
2519.38
2524.77
2530.15
2535.53
2540.92
2546.3
2551.68
2557.07
2562.45
2567.83
2573.22
2578.6
2583.98
2589.37
2594.75
2600.13
2605.52
2610.9
2616.28
2621.67
2627.05
2632.43
2637.82
2643.2
2648.58
2653.97
2659.35
2664.73
2670.12
2675.5
2680.88
2686.27
2691.65
2697.03
2702.42
2707.8
2713.18
2718.57
2723.95
2729.33
2734.72
2740.1
2745.48
2750.87
2756.25
2761.63
2767.02
2772.4
2777.78
2783.17
2788.55
2793.93
2799.32
2804.7
2810.08
2815.47
2820.85
2826.23
2831.62
2837
2842.38
2847.77
2853.15
2858.53
2863.92
2869.3
2874.68
2880.07
2885.45
2890.83
2896.22
2901.6
2906.98
2912.37
2917.75
2923.13
2928.52
2933.9
2939.28
2944.67
2950.05
2955.43
2960.82
2966.2
2971.58
2976.97
2982.35
2987.73
2993.12
2998.5
3003.88
3009.27
3014.65
3020.03
3025.42
3030.8
3036.18
3041.56
3046.95
3052.33
3057.71
3063.1
3068.48
3073.86
3079.25
3084.63
3090.01
3095.4
3100.78
3106.16
3111.55
3116.93
3122.31
3127.7
3133.08
3138.46
3143.85
3149.23
3154.61
3160
3165.38
3170.76
3176.15
3181.53
3186.91
3192.3
3197.68
3203.06
3208.45
3213.83
3219.21
3224.6
3229.98
3235.36
3240.75
3246.13
3251.51
3256.9
3262.28
3267.66
3273.05
3278.43
3283.81
3289.2
3294.58
3299.96
3305.35
3310.73
3316.11
3321.5
3326.88
3332.26
3337.65
3343.03
3348.41
3353.8
3359.18
3364.56
3369.95
3375.33
3380.71
3386.1
3391.48
3396.86
3402.25
3407.63
3413.01
3418.4
3423.78
3429.16
3434.55
3439.93
3445.31
3450.7
3456.08
3461.46
3466.85
3472.23
3477.61
3483
3488.38
3493.76
3499.15
3504.53
3509.91
3515.3
3520.68
3526.06
3531.45
3536.83
3542.21
3547.6
3552.98
3558.36
3563.75
3569.13
3574.51
3579.9
3585.28
3590.66
3596.04
3601.43
3606.81
3612.19
3617.58
3622.96
3628.34
3633.73
3639.11
3644.49
3649.88
3655.26
3660.64
3666.03
3671.41
3676.79
3682.18
3687.56
3692.94
3698.33
3703.71
3709.09
3714.48
3719.86
3725.24
3730.63
3736.01
3741.39
3746.78
3752.16
3757.54
3762.93
3768.31
3773.69
3779.08
3784.46
3789.84
3795.23
3800.61
3805.99
3811.38
3816.76
3822.14
3827.53
3832.91
3838.29
3843.68
3849.06
3854.44
3859.83
3865.21
3870.59
3875.98
3881.36
3886.74
3892.13
3897.51
3902.89
3908.28
3913.66
3919.04
3924.43
3929.81
3935.19
3940.58
3945.96
3951.34
3956.73
3962.11
3967.49
3972.88
3978.26
3983.64
3989.03
3994.41
3999.79
4005.18
4010.56
4015.94
4021.33
4026.71
4032.09
4037.48
4042.86
4048.24
4053.63
4059.01
4064.39
4069.78
4075.16
4080.54
4085.93
4091.31
4096.69
4102.08
4107.46
4112.84
4118.23
4123.61
4128.99
4134.38
4139.76
4145.14
4150.52
4155.91
4161.29
4166.67
4172.06
4177.44
4182.82
4188.21
4193.59
4198.97
4204.36
4209.74
4215.12
4220.51
4225.89
4231.27
4236.66
4242.04
4247.42
4252.81
4258.19
4263.57
4268.96
4274.34
4279.72
4285.11
4290.49
4295.87
4301.26
4306.64
4312.02
4317.41
4322.79
4328.17
4333.56
4338.94
4344.32
4349.71
4355.09
4360.47
4365.86
4371.24
4376.62
4382.01
4387.39
4392.77
4398.16
4403.54
4408.92
4414.31
4419.69
4425.07
4430.46
4435.84
4441.22
4446.61
4451.99
4457.37
4462.76
4468.14
4473.52
4478.91
4484.29
4489.67
4495.06
4500.44
4505.82
4511.21
4516.59
4521.97
4527.36
4532.74
4538.12
4543.51
4548.89
4554.27
4559.66
4565.04
4570.42
4575.81
4581.19
4586.57
4591.96
4597.34
4602.72
4608.11
4613.49
4618.87
4624.26
4629.64
4635.02
4640.41
4645.79
4651.17
4656.56
4661.94
4667.32
4672.71
4678.09
4683.47
4688.85
4694.24
4699.62
4705
4710.39
4715.77
4721.15
4726.54
4731.92
4737.3
4742.69
4748.07
4753.45
4758.84
4764.22
4769.6
4774.99
4780.37
4785.75
4791.14
4796.52
4801.9
4807.29
4812.67
4818.05
4823.44
4828.82
4834.2
4839.59
4844.97
4850.35
4855.74
4861.12
4866.5
4871.89
4877.27
4882.65
4888.04
4893.42
4898.8
4904.19
4909.57
4914.95
4920.34
4925.72
4931.1
4936.49
4941.87
4947.25
4952.64
4958.02
4963.4
4968.79
4974.17
4979.55
4984.94
4990.32
4995.7
5001.09
5006.47
5011.85
5017.24
5022.62
5028
5033.39
5038.77
5044.15
5049.54
5054.92
5060.3
5065.69
5071.07
5076.45
5081.84
5087.22
5092.6
5097.99
5103.37
5108.75
5114.14
5119.52
5124.9
5130.29
5135.67
5141.05
5146.44
5151.82
5157.2
5162.59
5167.97
5173.35
5178.74
5184.12
5189.5
5194.89
5200.27
5205.65
5211.04
5216.42
5221.8
5227.19
5232.57
5237.95
5243.33
5248.72
5254.1
5259.48
5264.87
5270.25
5275.63
5281.02
5286.4
5291.78
5297.17
5302.55
5307.93
5313.32
5318.7
5324.08
5329.47
5334.85
5340.23
5345.62
5351
5356.38
5361.77
5367.15
5372.53
5377.92
5383.3
5388.68
5394.07
5399.45
5404.83
5410.22
5415.6
5420.98
5426.37
5431.75
5437.13
5442.52
5447.9
5453.28
5458.67
5464.05
5469.43
5474.82
5480.2
5485.58
5490.97
5496.35
5501.73
5507.12
5512.5
5517.88
5523.27
5528.65
5534.03
5539.42
5544.8
5550.18
5555.57
5560.95
5566.33
5571.72
5577.1
5582.48
5587.87
5593.25
5598.63
5604.02
5609.4
5614.78
5620.17
5625.55
5630.93
5636.32
5641.7
5647.08
5652.47
5657.85
5663.23
5668.62
5674
5679.38
5684.77
5690.15
5695.53
5700.92
5706.3
5711.68
5717.07
5722.45
5727.83
5733.22
5738.6
5743.98
5749.37
5754.75
5760.13
5765.52
5770.9
5776.28
5781.67
5787.05
5792.43
5797.81
5803.2
5808.58
5813.96
5819.35
5824.73
5830.11
5835.5
5840.88
5846.26
5851.65
5857.03
5862.41
5867.8
5873.18
5878.56
5883.95
5889.33
5894.71
5900.1
5905.48
5910.86
5916.25
5921.63
5927.01
5932.4
5937.78
5943.16
5948.55
5953.93
5959.31
5964.7
5970.08
5975.46
5980.85
5986.23
5991.61
5997
6002.38
6007.76
6013.15
6018.53
6023.91
6029.3
6034.68
6040.06
6045.45
6050.83
6056.21
6061.6
6066.98
6072.36
6077.75
6083.13
6088.51
6093.9
6099.28
6104.66
6110.05
6115.43
6120.81
6126.2
6131.58
6136.96
6142.35
6147.73
6153.11
6158.5
6163.88
6169.26
6174.65
6180.03
6185.41
6190.8
6196.18
6201.56
6206.95
6212.33
6217.71
6223.1
6228.48
6233.86
6239.25
6244.63
6250.01
6255.4
6260.78
6266.16
6271.55
6276.93
6282.31
6287.7
6293.08
6298.46
6303.85
6309.23
6314.61
6320
6325.38
6330.76
6336.15
6341.53
6346.91
6352.29
6357.68
6363.06
6368.44
6373.83
6379.21
6384.59
6389.98
6395.36
6400.74
6406.13
6411.51
6416.89
6422.28
6427.66
6433.04
6438.43
6443.81
6449.19
6454.58
6459.96
6465.34
6470.73
6476.11
6481.49
6486.88
6492.26
6497.64
6503.03
6508.41
6513.79
6519.18
6524.56
6529.94
6535.33
6540.71
6546.09
6551.48
6556.86
6562.24
6567.63
6573.01
6578.39
6583.78
6589.16
6594.54
6599.93
6605.31
6610.69
6616.08
6621.46
6626.84
6632.23
6637.61
6642.99
6648.38
6653.76
6659.14
6664.53
6669.91
6675.29
6680.68
6686.06
6691.44
6696.83
6702.21
6707.59
6712.98
6718.36
6723.74
6729.13
6734.51
6739.89
6745.28
6750.66
6756.04
6761.43
6766.81
6772.19
6777.58
6782.96
6788.34
6793.73
6799.11
6804.49
6809.88
6815.26
6820.64
6826.03
6831.41
6836.79
6842.18
6847.56
6852.94
6858.33
6863.71
6869.09
6874.48
6879.86
6885.24
6890.62
6896.01
6901.39
6906.77
6912.16
6917.54
6922.92
6928.31
6933.69
6939.07
6944.46
6949.84
6955.22
6960.61
6965.99
6971.37
6976.76
6982.14
6987.52
6992.91
6998.29
7003.67
7009.06
7014.44
7019.82
7025.21
7030.59
7035.97
7041.36
7046.74
7052.12
7057.51
7062.89
7068.27
7073.66
7079.04
7084.42
7089.81
7095.19
7100.57
7105.96
7111.34
7116.72
7122.11
7127.49
7132.87
7138.26
7143.64
7149.02
7154.41
7159.79
7165.17
7170.56
7175.94
7181.32
7186.71
7192.09
7197.47
7202.86
7208.24
7213.62
7219.01
7224.39
7229.77
7235.16
7240.54
7245.92
7251.31
7256.69
7262.07
7267.46
7272.84
7278.22
7283.61
7288.99
7294.37
7299.76
7305.14
7310.52
7315.91
7321.29
7326.67
7332.06
7337.44
7342.82
7348.21
7353.59
7358.97
7364.36
7369.74
7375.12
7380.51
7385.89
7391.27
7396.66
7402.04
7407.42
7412.81
7418.19
7423.57
7428.96
7434.34
7439.72
7445.1
7450.49
7455.87
7461.25
7466.64
7472.02
7477.4
7482.79
7488.17
7493.55
7498.94
7504.32
7509.7
7515.09
7520.47
7525.85
7531.24
7536.62
7542
7547.39
7552.77
7558.15
7563.54
7568.92
7574.3
7579.69
7585.07
7590.45
7595.84
7601.22
7606.6
7611.99
7617.37
7622.75
7628.14
7633.52
7638.9
7644.29
7649.67
7655.05
7660.44
7665.82
7671.2
7676.59
7681.97
7687.35
7692.74
7698.12
7703.5
7708.89
7714.27
7719.65
7725.04
7730.42
7735.8
7741.19
7746.57
7751.95
7757.34
7762.72
7768.1
7773.49
7778.87
7784.25
7789.64
7795.02
7800.4
7805.79
7811.17
7816.55
7821.94
7827.32
7832.7
7838.09
7843.47
7848.85
7854.24
7859.62
7865
7870.39
7875.77
7881.15
7886.54
7891.92
7897.3
7902.69
7908.07
7913.45
7918.84
7924.22
7929.6
7934.99
7940.37
7945.75
7951.14
7956.52
7961.9
7967.29
7972.67
7978.05
7983.44
7988.82
7994.2
7999.58
8004.97
8010.35
8015.73
8021.12
8026.5
8031.88
8037.27
8042.65
8048.03
8053.42
8058.8
8064.18
8069.57
8074.95
8080.33
8085.72
8091.1
8096.48
8101.87
8107.25
8112.63
8118.02
8123.4
8128.78
8134.17
8139.55
8144.93
8150.32
8155.7
8161.08
8166.47
8171.85
8177.23
8182.62
8188
8193.38
8198.77
8204.15
8209.53
8214.92
8220.3
8225.68
8231.07
8236.45
8241.83
8247.22
8252.6
8257.98
8263.37
8268.75
8274.13
8279.52
8284.9
8290.28
8295.67
8301.05
8306.43
8311.82
8317.2
8322.58
8327.97
8333.35
8338.73
8344.12
8349.5
8354.88
8360.27
8365.65
8371.03
8376.42
8381.8
8387.18
8392.57
8397.95
8403.33
8408.72
8414.1
8419.48
8424.87
8430.25
8435.63
8441.02
8446.4
8451.78
8457.17
8462.55
8467.93
8473.32
8478.7
8484.08
8489.47
8494.85
8500.23
8505.62
8511
8516.38
8521.77
8527.15
8532.53
8537.92
8543.3
8548.68
8554.06
8559.45
8564.83
8570.21
8575.6
8580.98
8586.36
8591.75
8597.13
8602.51
8607.9
8613.28
8618.66
8624.05
8629.43
8634.81
8640.2
8645.58
8650.96
8656.35
8661.73
8667.11
8672.5
8677.88
8683.26
8688.65
8694.03
8699.41
8704.8
8710.18
8715.56
8720.95
8726.33
8731.71
8737.1
8742.48
8747.86
8753.25
8758.63
8764.01
8769.4
8774.78
8780.16
8785.55
8790.93
8796.31
8801.7
8807.08
8812.46
8817.85
8823.23
8828.61
8834
8839.38
8844.76
8850.15
8855.53
8860.91
8866.3
8871.68
8877.06
8882.45
8887.83
8893.21
8898.6
8903.98
8909.36
8914.75
8920.13
8925.51
8930.9
8936.28
8941.66
8947.05
8952.43
8957.81
8963.2
8968.58
8973.96
8979.35
8984.73
8990.11
8995.5
9000.88
9006.26
9011.65
9017.03
9022.41
9027.8
9033.18
9038.56
9043.95
9049.33
9054.71
9060.1
9065.48
9070.86
9076.25
9081.63
9087.01
9092.4
9097.78
9103.16
9108.54
9113.93
9119.31
9124.69
9130.08
9135.46
9140.84
9146.23
9151.61
9156.99
9162.38
9167.76
9173.14
9178.53
9183.91
9189.29
9194.68
9200.06
9205.44
9210.83
9216.21
9221.59
9226.98
9232.36
9237.74
9243.13
9248.51
9253.89
9259.28
9264.66
9270.04
9275.43
9280.81
9286.19
9291.58
9296.96
9302.34
9307.73
9313.11
9318.49
9323.88
9329.26
9334.64
9340.03
9345.41
9350.79
9356.18
9361.56
9366.94
9372.33
9377.71
9383.09
9388.48
9393.86
9399.24
9404.63
9410.01
9415.39
9420.78
9426.16
9431.54
9436.93
9442.31
9447.69
9453.08
9458.46
9463.84
9469.23
9474.61
9479.99
9485.38
9490.76
9496.14
9501.53
9506.91
9512.29
9517.68
9523.06
9528.44
9533.83
9539.21
9544.59
9549.98
9555.36
9560.74
9566.13
9571.51
9576.89
9582.28
9587.66
9593.04
9598.43
9603.81
9609.19
9614.58
9619.96
9625.34
9630.73
9636.11
9641.49
9646.88
9652.26
9657.64
9663.02
9668.41
9673.79
9679.17
9684.56
9689.94
9695.32
9700.71
9706.09
9711.47
9716.86
9722.24
9727.62
9733.01
9738.39
9743.77
9749.16
9754.54
9759.92
9765.31
9770.69
9776.07
9781.46
9786.84
9792.22
9797.61
9802.99
9808.37
9813.76
9819.14
9824.52
9829.91
9835.29
9840.67
9846.06
9851.44
9856.82
9862.21
9867.59
9872.97
9878.36
9883.74
9889.12
9894.51
9899.89
9905.27
9910.66
9916.04
9921.42
9926.81
9932.19
9937.57
9942.96
9948.34
9953.72
9959.11
9964.49
9969.87
9975.26
9980.64
9986.02
9991.41
9996.79
10002.2
10007.6
10012.9
10018.3
10023.7
10029.1
10034.5
10039.9
10045.2
10050.6
10056
10061.4
10066.8
10072.2
10077.5
10082.9
10088.3
10093.7
10099.1
10104.5
10109.8
10115.2
10120.6
10126
10131.4
10136.8
10142.1
10147.5
10152.9
10158.3
10163.7
10169.1
10174.4
10179.8
10185.2
10190.6
10196
10201.4
10206.7
10212.1
10217.5
10222.9
10228.3
10233.7
10239
10244.4
10249.8
10255.2
10260.6
10266
10271.3
10276.7
10282.1
10287.5
10292.9
10298.3
10303.6
10309
10314.4
10319.8
10325.2
10330.6
10335.9
10341.3
10346.7
10352.1
10357.5
10362.9
10368.2
10373.6
10379
10384.4
10389.8
10395.2
10400.5
10405.9
10411.3
10416.7
10422.1
10427.5
10432.8
10438.2
10443.6
10449
10454.4
10459.8
10465.1
10470.5
10475.9
10481.3
10486.7
10492.1
10497.4
10502.8
10508.2
10513.6
10519
10524.4
10529.7
10535.1
10540.5
10545.9
10551.3
10556.7
10562
10567.4
10572.8
10578.2
10583.6
10589
10594.3
10599.7
10605.1
10610.5
10615.9
10621.3
10626.6
10632
10637.4
10642.8
10648.2
10653.6
10658.9
10664.3
10669.7
10675.1
10680.5
10685.9
10691.2
10696.6
10702
10707.4
10712.8
10718.2
10723.5
10728.9
10734.3
10739.7
10745.1
10750.5
10755.8
10761.2
10766.6
10772
10777.4
10782.8
10788.1
10793.5
10798.9
10804.3
10809.7
10815.1
10820.4
10825.8
10831.2
10836.6
10842
10847.4
10852.7
10858.1
10863.5
10868.9
10874.3
10879.7
10885
10890.4
10895.8
10901.2
10906.6
10912
10917.3
10922.7
10928.1
10933.5
10938.9
10944.3
10949.6
10955
10960.4
10965.8
10971.2
10976.6
10981.9
10987.3
10992.7
10998.1
11003.5
11008.9
11014.2
11019.6
11025
11030.4
11035.8
11041.1
11046.5
11051.9
11057.3
11062.7
11068.1
11073.4
11078.8
11084.2
11089.6
11095
11100.4
11105.7
11111.1
11116.5
11121.9
11127.3
11132.7
11138
11143.4
11148.8
11154.2
11159.6
11165
11170.3
11175.7
11181.1
11186.5
11191.9
11197.3
11202.6
11208
11213.4
11218.8
11224.2
11229.6
11234.9
11240.3
11245.7
11251.1
11256.5
11261.9
11267.2
11272.6
11278
11283.4
11288.8
11294.2
11299.5
11304.9
11310.3
11315.7
11321.1
11326.5
11331.8
11337.2
11342.6
11348
11353.4
11358.8
11364.1
11369.5
11374.9
11380.3
11385.7
11391.1
11396.4
11401.8
11407.2
11412.6
11418
11423.4
11428.7
11434.1
11439.5
11444.9
11450.3
11455.7
11461
11466.4
11471.8
11477.2
11482.6
11488
11493.3
11498.7
11504.1
11509.5
11514.9
11520.3
11525.6
11531
11536.4
11541.8
11547.2
11552.6
11557.9
11563.3
11568.7
11574.1
11579.5
11584.9
11590.2
11595.6
11601
11606.4
11611.8
11617.2
11622.5
11627.9
11633.3
11638.7
11644.1
11649.5
11654.8
11660.2
11665.6
11671
11676.4
11681.8
11687.1
11692.5
11697.9
11703.3
11708.7
11714.1
11719.4
11724.8
11730.2
11735.6
11741
11746.4
11751.7
11757.1
11762.5
11767.9
11773.3
11778.7
11784
11789.4
11794.8
11800.2
11805.6
11811
11816.3
11821.7
11827.1
11832.5
11837.9
11843.3
11848.6
11854
11859.4
11864.8
11870.2
11875.6
11880.9
11886.3
11891.7
11897.1
11902.5
11907.9
11913.2
11918.6
11924
11929.4
11934.8
11940.2
11945.5
11950.9
11956.3
11961.7
11967.1
11972.5
11977.8
11983.2
11988.6
11994
11999.4
12004.8
12010.1
12015.5
12020.9
12026.3
12031.7
12037.1
12042.4
12047.8
12053.2
12058.6
12064
12069.4
12074.7
12080.1
12085.5
12090.9
12096.3
12101.7
12107
12112.4
12117.8
12123.2
12128.6
12134
12139.3
12144.7
12150.1
12155.5
12160.9
12166.3
12171.6
12177
12182.4
12187.8
12193.2
12198.6
12203.9
12209.3
12214.7
12220.1
12225.5
12230.9
12236.2
12241.6
12247
12252.4
12257.8
12263.2
12268.5
12273.9
12279.3
12284.7
12290.1
12295.5
12300.8
12306.2
12311.6
12317
12322.4
12327.8
12333.1
12338.5
12343.9
12349.3
12354.7
12360.1
12365.4
12370.8
12376.2
12381.6
12387
12392.4
12397.7
12403.1
12408.5
12413.9
12419.3
12424.7
12430
12435.4
12440.8
12446.2
12451.6
12457
12462.3
12467.7
12473.1
12478.5
12483.9
12489.3
12494.6
12500
12505.4
12510.8
12516.2
12521.6
12526.9
12532.3
12537.7
12543.1
12548.5
12553.9
12559.2
12564.6
12570
12575.4
12580.8
12586.2
12591.5
12596.9
12602.3
12607.7
12613.1
12618.5
12623.8
12629.2
12634.6
12640
12645.4
12650.8
12656.1
12661.5
12666.9
12672.3
12677.7
12683.1
12688.4
12693.8
12699.2
12704.6
12710
12715.4
12720.7
12726.1
12731.5
12736.9
12742.3
12747.7
12753
12758.4
12763.8
12769.2
12774.6
12780
12785.3
12790.7
12796.1
12801.5
12806.9
12812.3
12817.6
12823
12828.4
12833.8
12839.2
12844.6
12849.9
12855.3
12860.7
12866.1
12871.5
12876.9
12882.2
12887.6
12893
12898.4
12903.8
12909.2
12914.5
12919.9
12925.3
12930.7
12936.1
12941.5
12946.8
12952.2
12957.6
12963
12968.4
12973.8
12979.1
12984.5
12989.9
12995.3
13000.7
13006.1
13011.4
13016.8
13022.2
13027.6
13033
13038.4
13043.7
13049.1
13054.5
13059.9
13065.3
13070.7
13076
13081.4
13086.8
13092.2
13097.6
13103
13108.3
13113.7
13119.1
13124.5
13129.9
13135.3
13140.6
13146
13151.4
13156.8
13162.2
13167.6
13172.9
13178.3
13183.7
13189.1
13194.5
13199.9
13205.2
13210.6
13216
13221.4
13226.8
13232.2
13237.5
13242.9
13248.3
13253.7
13259.1
13264.5
13269.8
13275.2
13280.6
13286
13291.4
13296.8
13302.1
13307.5
13312.9
13318.3
13323.7
13329.1
13334.4
13339.8
13345.2
13350.6
13356
13361.4
13366.7
13372.1
13377.5
13382.9
13388.3
13393.7
13399
13404.4
13409.8
13415.2
13420.6
13426
13431.3
13436.7
13442.1
13447.5
13452.9
13458.3
13463.6
13469
13474.4
13479.8
13485.2
13490.6
13495.9
13501.3
13506.7
13512.1
13517.5
13522.9
13528.2
13533.6
13539
13544.4
13549.8
13555.2
13560.5
13565.9
13571.3
13576.7
13582.1
13587.5
13592.8
13598.2
13603.6
13609
13614.4
13619.8
13625.1
13630.5
13635.9
13641.3
13646.7
13652.1
13657.4
13662.8
13668.2
13673.6
13679
13684.4
13689.7
13695.1
13700.5
13705.9
13711.3
13716.7
13722
13727.4
13732.8
13738.2
13743.6
13749
13754.3
13759.7
13765.1
13770.5
13775.9
13781.2
13786.6
13792
13797.4
13802.8
13808.2
13813.5
13818.9
13824.3
13829.7
13835.1
13840.5
13845.8
13851.2
13856.6
13862
13867.4
13872.8
13878.1
13883.5
13888.9
13894.3
13899.7
13905.1
13910.4
13915.8
13921.2
13926.6
13932
13937.4
13942.7
13948.1
13953.5
13958.9
13964.3
13969.7
13975
13980.4
13985.8
13991.2
13996.6
14002
14007.3
14012.7
14018.1
14023.5
14028.9
14034.3
14039.6
14045
14050.4
14055.8
14061.2
14066.6
14071.9
14077.3
14082.7
14088.1
14093.5
14098.9
14104.2
14109.6
14115
14120.4
14125.8
14131.2
14136.5
14141.9
14147.3
14152.7
14158.1
14163.5
14168.8
14174.2
14179.6
14185
14190.4
14195.8
14201.1
14206.5
14211.9
14217.3
14222.7
14228.1
14233.4
14238.8
14244.2
14249.6
14255
14260.4
14265.7
14271.1
14276.5
14281.9
14287.3
14292.7
14298
14303.4
14308.8
14314.2
14319.6
14325
14330.3
14335.7
14341.1
14346.5
14351.9
14357.3
14362.6
14368
14373.4
14378.8
14384.2
14389.6
14394.9
14400.3
14405.7
14411.1
14416.5
14421.9
14427.2
14432.6
14438
14443.4
14448.8
14454.2
14459.5
14464.9
14470.3
14475.7
14481.1
14486.5
14491.8
14497.2
14502.6
14508
14513.4
14518.8
14524.1
14529.5
14534.9
14540.3
14545.7
14551.1
14556.4
14561.8
14567.2
14572.6
14578
14583.4
14588.7
14594.1
14599.5
14604.9
14610.3
14615.7
14621
14626.4
14631.8
14637.2
14642.6
14648
14653.3
14658.7
14664.1
14669.5
14674.9
14680.3
14685.6
14691
14696.4
14701.8
14707.2
14712.6
14717.9
14723.3
14728.7
14734.1
14739.5
14744.9
14750.2
14755.6
14761
14766.4
14771.8
14777.2
14782.5
14787.9
14793.3
14798.7
14804.1
14809.5
14814.8
14820.2
14825.6
14831
14836.4
14841.8
14847.1
14852.5
14857.9
14863.3
14868.7
14874.1
14879.4
14884.8
14890.2
14895.6
14901
14906.4
14911.7
14917.1
14922.5
14927.9
14933.3
14938.7
14944
14949.4
14954.8
14960.2
14965.6
14971
14976.3
14981.7
14987.1
14992.5
14997.9
15003.3
15008.6
15014
15019.4
15024.8
15030.2
15035.6
15040.9
15046.3
15051.7
15057.1
15062.5
15067.9
15073.2
15078.6
15084
15089.4
15094.8
15100.2
15105.5
15110.9
15116.3
15121.7
15127.1
15132.5
15137.8
15143.2
15148.6
15154
15159.4
15164.8
15170.1
15175.5
15180.9
15186.3
15191.7
15197.1
15202.4
15207.8
15213.2
15218.6
15224
15229.4
15234.7
15240.1
15245.5
15250.9
15256.3
15261.7
15267
15272.4
15277.8
15283.2
15288.6
15294
15299.3
15304.7
15310.1
15315.5
15320.9
15326.3
15331.6
15337
15342.4
15347.8
15353.2
15358.6
15363.9
15369.3
15374.7
15380.1
15385.5
15390.9
15396.2
15401.6
15407
15412.4
15417.8
15423.2
15428.5
15433.9
15439.3
15444.7
15450.1
15455.5
15460.8
15466.2
15471.6
15477
15482.4
15487.8
15493.1
15498.5
15503.9
15509.3
15514.7
15520.1
15525.4
15530.8
15536.2
15541.6
15547
15552.4
15557.7
15563.1
15568.5
15573.9
15579.3
15584.7
15590
15595.4
15600.8
15606.2
15611.6
15617
15622.3
15627.7
15633.1
15638.5
15643.9
15649.3
15654.6
15660
15665.4
15670.8
15676.2
15681.6
15686.9
15692.3
15697.7
15703.1
15708.5
15713.9
15719.2
15724.6
15730
15735.4
15740.8
15746.2
15751.5
15756.9
15762.3
15767.7
15773.1
15778.5
15783.8
15789.2
15794.6
15800
15805.4
15810.8
15816.1
15821.5
15826.9
15832.3
15837.7
15843.1
15848.4
15853.8
15859.2
15864.6
15870
15875.4
15880.7
15886.1
15891.5
15896.9
15902.3
15907.7
15913
15918.4
15923.8
15929.2
15934.6
15940
15945.3
15950.7
15956.1
15961.5
15966.9
15972.3
15977.6
15983
15988.4
15993.8
15999.2
16004.6
16009.9
16015.3
16020.7
16026.1
16031.5
16036.9
16042.2
16047.6
16053
16058.4
16063.8
16069.2
16074.5
16079.9
16085.3
16090.7
16096.1
16101.5
16106.8
16112.2
16117.6
16123
16128.4
16133.8
16139.1
16144.5
16149.9
16155.3
16160.7
16166.1
16171.4
16176.8
16182.2
16187.6
16193
16198.4
16203.7
16209.1
16214.5
16219.9
16225.3
16230.7
16236
16241.4
16246.8
16252.2
16257.6
16263
16268.3
16273.7
16279.1
16284.5
16289.9
16295.3
16300.6
16306
16311.4
16316.8
16322.2
16327.6
16332.9
16338.3
16343.7
16349.1
16354.5
16359.9
16365.2
16370.6
16376
16381.4
16386.8
16392.2
16397.5
16402.9
16408.3
16413.7
16419.1
16424.5
16429.8
16435.2
16440.6
16446
16451.4
16456.8
16462.1
16467.5
16472.9
16478.3
16483.7
16489.1
16494.4
16499.8
16505.2
16510.6
16516
16521.4
16526.7
16532.1
16537.5
16542.9
16548.3
16553.6
16559
16564.4
16569.8
16575.2
16580.6
16585.9
16591.3
16596.7
16602.1
16607.5
16612.9
16618.2
16623.6
16629
16634.4
16639.8
16645.2
16650.5
16655.9
16661.3
16666.7
16672.1
16677.5
16682.8
16688.2
16693.6
16699
16704.4
16709.8
16715.1
16720.5
16725.9
16731.3
16736.7
16742.1
16747.4
16752.8
16758.2
16763.6
16769
16774.4
16779.7
16785.1
16790.5
16795.9
16801.3
16806.7
16812
16817.4
16822.8
16828.2
16833.6
16839
16844.3
16849.7
16855.1
16860.5
16865.9
16871.3
16876.6
16882
16887.4
16892.8
16898.2
16903.6
16908.9
16914.3
16919.7
16925.1
16930.5
16935.9
16941.2
16946.6
16952
16957.4
16962.8
16968.2
16973.5
16978.9
16984.3
16989.7
16995.1
17000.5
17005.8
17011.2
17016.6
17022
17027.4
17032.8
17038.1
17043.5
17048.9
17054.3
17059.7
17065.1
17070.4
17075.8
17081.2
17086.6
17092
17097.4
17102.7
17108.1
17113.5
17118.9
17124.3
17129.7
17135
17140.4
17145.8
17151.2
17156.6
17162
17167.3
17172.7
17178.1
17183.5
17188.9
17194.3
17199.6
17205
17210.4
17215.8
17221.2
17226.6
17231.9
17237.3
17242.7
17248.1
17253.5
17258.9
17264.2
17269.6
17275
17280.4
17285.8
17291.2
17296.5
17301.9
17307.3
17312.7
17318.1
17323.5
17328.8
17334.2
17339.6
17345
17350.4
17355.8
17361.1
17366.5
17371.9
17377.3
17382.7
17388.1
17393.4
17398.8
17404.2
17409.6
17415
17420.4
17425.7
17431.1
17436.5
17441.9
17447.3
17452.7
17458
17463.4
17468.8
17474.2
17479.6
17485
17490.3
17495.7
17501.1
17506.5
17511.9
17517.3
17522.6
17528
17533.4
17538.8
17544.2
17549.6
17554.9
17560.3
17565.7
17571.1
17576.5
17581.9
17587.2
17592.6
17598
17603.4
17608.8
17614.2
17619.5
17624.9
17630.3
17635.7
17641.1
17646.5
17651.8
17657.2
17662.6
17668
17673.4
17678.8
17684.1
17689.5
17694.9
17700.3
17705.7
17711.1
17716.4
17721.8
17727.2
17732.6
17738
17743.4
17748.7
17754.1
17759.5
17764.9
17770.3
17775.7
17781
17786.4
17791.8
17797.2
17802.6
17808
17813.3
17818.7
17824.1
17829.5
17834.9
17840.3
17845.6
17851
17856.4
17861.8
17867.2
17872.6
17877.9
17883.3
17888.7
17894.1
17899.5
17904.9
17910.2
17915.6
17921
17926.4
17931.8
17937.2
17942.5
17947.9
17953.3
17958.7
17964.1
17969.5
17974.8
17980.2
17985.6
17991
17996.4
18001.8
18007.1
18012.5
18017.9
18023.3
18028.7
18034.1
18039.4
18044.8
18050.2
18055.6
18061
18066.4
18071.7
18077.1
18082.5
18087.9
18093.3
18098.7
18104
18109.4
18114.8
18120.2
18125.6
18131
18136.3
18141.7
18147.1
18152.5
18157.9
18163.3
18168.6
18174
18179.4
18184.8
18190.2
18195.6
18200.9
18206.3
18211.7
18217.1
18222.5
18227.9
18233.2
18238.6
18244
18249.4
18254.8
18260.2
18265.5
18270.9
18276.3
18281.7
18287.1
18292.5
18297.8
18303.2
18308.6
18314
18319.4
18324.8
18330.1
18335.5
18340.9
18346.3
18351.7
18357.1
18362.4
18367.8
18373.2
18378.6
18384
18389.4
18394.7
18400.1
18405.5
18410.9
18416.3
18421.7
18427
18432.4
18437.8
18443.2
18448.6
18454
18459.3
18464.7
18470.1
18475.5
18480.9
18486.3
18491.6
18497
18502.4
18507.8
18513.2
18518.6
18523.9
18529.3
18534.7
18540.1
18545.5
18550.9
18556.2
18561.6
18567
18572.4
18577.8
18583.2
18588.5
18593.9
18599.3
18604.7
18610.1
18615.5
18620.8
18626.2
18631.6
18637
18642.4
18647.8
18653.1
18658.5
18663.9
18669.3
18674.7
18680.1
18685.4
18690.8
18696.2
18701.6
18707
18712.4
18717.7
18723.1
18728.5
18733.9
18739.3
18744.7
18750
18755.4
18760.8
18766.2
18771.6
18777
18782.3
18787.7
18793.1
18798.5
18803.9
18809.3
18814.6
18820
18825.4
18830.8
18836.2
18841.6
18846.9
18852.3
18857.7
18863.1
18868.5
18873.9
18879.2
18884.6
18890
18895.4
18900.8
18906.2
18911.5
18916.9
18922.3
18927.7
18933.1
18938.5
18943.8
18949.2
18954.6
18960
18965.4
18970.8
18976.1
18981.5
18986.9
18992.3
18997.7
19003.1
19008.4
19013.8
19019.2
19024.6
19030
19035.4
19040.7
19046.1
19051.5
19056.9
19062.3
19067.7
19073
19078.4
19083.8
19089.2
19094.6
19100
19105.3
19110.7
19116.1
19121.5
19126.9
19132.3
19137.6
19143
19148.4
19153.8
19159.2
19164.6
19169.9
19175.3
19180.7
19186.1
19191.5
19196.9
19202.2
19207.6
19213
19218.4
19223.8
19229.2
19234.5
19239.9
19245.3
19250.7
19256.1
19261.5
19266.8
19272.2
19277.6
19283
19288.4
19293.8
19299.1
19304.5
19309.9
19315.3
19320.7
19326
19331.4
19336.8
19342.2
19347.6
19353
19358.3
19363.7
19369.1
19374.5
19379.9
19385.3
19390.6
19396
19401.4
19406.8
19412.2
19417.6
19422.9
19428.3
19433.7
19439.1
19444.5
19449.9
19455.2
19460.6
19466
19471.4
19476.8
19482.2
19487.5
19492.9
19498.3
19503.7
19509.1
19514.5
19519.8
19525.2
19530.6
19536
19541.4
19546.8
19552.1
19557.5
19562.9
19568.3
19573.7
19579.1
19584.4
19589.8
19595.2
19600.6
19606
19611.4
19616.7
19622.1
19627.5
19632.9
19638.3
19643.7
19649
19654.4
19659.8
19665.2
19670.6
19676
19681.3
19686.7
19692.1
19697.5
19702.9
19708.3
19713.6
19719
19724.4
19729.8
19735.2
19740.6
19745.9
19751.3
19756.7
19762.1
19767.5
19772.9
19778.2
19783.6
19789
19794.4
19799.8
19805.2
19810.5
19815.9
19821.3
19826.7
19832.1
19837.5
19842.8
19848.2
19853.6
19859
19864.4
19869.8
19875.1
19880.5
19885.9
19891.3
19896.7
19902.1
19907.4
19912.8
19918.2
19923.6
19929
19934.4
19939.7
19945.1
19950.5
19955.9
19961.3
19966.7
19972
19977.4
19982.8
19988.2
19993.6
19999
20004.3
20009.7
20015.1
20020.5
20025.9
20031.3
20036.6
20042
20047.4
20052.8
20058.2
20063.6
20068.9
20074.3
20079.7
20085.1
20090.5
20095.9
20101.2
20106.6
20112
20117.4
20122.8
20128.2
20133.5
20138.9
20144.3
20149.7
20155.1
20160.5
20165.8
20171.2
20176.6
20182
20187.4
20192.8
20198.1
20203.5
20208.9
20214.3
20219.7
20225.1
20230.4
20235.8
20241.2
20246.6
20252
20257.4
20262.7
20268.1
20273.5
20278.9
20284.3
20289.7
20295
20300.4
20305.8
20311.2
20316.6
20322
20327.3
20332.7
20338.1
20343.5
20348.9
20354.3
20359.6
20365
20370.4
20375.8
20381.2
20386.6
20391.9
20397.3
20402.7
20408.1
20413.5
20418.9
20424.2
20429.6
20435
20440.4
20445.8
20451.2
20456.5
20461.9
20467.3
20472.7
20478.1
20483.5
20488.8
20494.2
20499.6
20505
20510.4
20515.8
20521.1
20526.5
20531.9
20537.3
20542.7
20548.1
20553.4
20558.8
20564.2
20569.6
20575
20580.4
20585.7
20591.1
20596.5
20601.9
20607.3
20612.7
20618
20623.4
20628.8
20634.2
20639.6
20645
20650.3
20655.7
20661.1
20666.5
20671.9
20677.3
20682.6
20688
20693.4
20698.8
20704.2
20709.6
20714.9
20720.3
20725.7
20731.1
20736.5
20741.9
20747.2
20752.6
20758
20763.4
20768.8
20774.2
20779.5
20784.9
20790.3
20795.7
20801.1
20806.5
20811.8
20817.2
20822.6
20828
20833.4
20838.8
20844.1
20849.5
20854.9
20860.3
20865.7
20871.1
20876.4
20881.8
20887.2
20892.6
20898
20903.4
20908.7
20914.1
20919.5
20924.9
20930.3
20935.7
20941
20946.4
20951.8
20957.2
20962.6
20968
20973.3
20978.7
20984.1
20989.5
20994.9
21000.3
21005.6
21011
21016.4
21021.8
21027.2
21032.6
21037.9
21043.3
21048.7
21054.1
21059.5
21064.9
21070.2
21075.6
21081
21086.4
21091.8
21097.2
21102.5
21107.9
21113.3
21118.7
21124.1
21129.5
21134.8
21140.2
21145.6
21151
21156.4
21161.8
21167.1
21172.5
21177.9
21183.3
21188.7
21194.1
21199.4
21204.8
21210.2
21215.6
21221
21226.4
21231.7
21237.1
21242.5
21247.9
21253.3
21258.7
21264
21269.4
21274.8
21280.2
21285.6
21291
21296.3
21301.7
21307.1
21312.5
21317.9
21323.3
21328.6
21334
21339.4
21344.8
21350.2
21355.6
21360.9
21366.3
21371.7
21377.1
21382.5
21387.9
21393.2
21398.6
21404
21409.4
21414.8
21420.2
21425.5
21430.9
21436.3
21441.7
21447.1
21452.5
21457.8
21463.2
21468.6
21474
21479.4
21484.8
21490.1
21495.5
21500.9
21506.3
21511.7
21517.1
21522.4
21527.8
21533.2
21538.6
21544
21549.4
21554.7
21560.1
21565.5
21570.9
21576.3
21581.7
21587
21592.4
21597.8
21603.2
21608.6
21614
21619.3
21624.7
21630.1
21635.5
21640.9
21646.3
21651.6
21657
21662.4
21667.8
21673.2
21678.6
21683.9
21689.3
21694.7
21700.1
21705.5
21710.9
21716.2
21721.6
21727
21732.4
21737.8
21743.2
21748.5
21753.9
21759.3
21764.7
21770.1
21775.5
21780.8
21786.2
21791.6
21797
21802.4
21807.8
21813.1
21818.5
21823.9
21829.3
21834.7
21840.1
21845.4
21850.8
21856.2
21861.6
21867
21872.4
21877.7
21883.1
21888.5
21893.9
21899.3
21904.7
21910
21915.4
21920.8
21926.2
21931.6
21937
21942.3
21947.7
21953.1
21958.5
21963.9
21969.3
21974.6
21980
21985.4
21990.8
21996.2
22001.6
22006.9
22012.3
22017.7
22023.1
22028.5
22033.9
22039.2
22044.6
